    unsorted:	 0.005017418687 0.005002180797 0.004979538947 0.005508115293 0.1247765568 0.5062720352 0.6321748296 0.4017643550 3.474636412 4.391371591 42.46808324 425.8421404 1970.621989 1857.635253 2298.217467 2165.912193 2402.149945 2532.746323 2597.685043 2662.353760 1738.597946 2856.344556 2905.468751 1550.485538 1433.632749 1047.398817 3292.984923 3694.655304 3664.191736 3975.938178 4317.363696 4612.091902 5165.398379 5777.252812 6265.906402 6907.543699 7365.843733 8063.136646 9144.598203 9486.323492 9948.472663 10782.10214 13737.41966 18302.39749 20138.07066 23653.55354 30112.29525 33495.77741 37181.65654 39705.99134 70829.82884 75453.02695 98515.42060 104887.2386 112842.5055 132372.0299 244193.2493 352370.8376 6959198.877
      sorted:	 0.004979538947 0.005002180797 0.005017418687 0.005508115293 0.1247765568 0.4017643550 0.5062720352 0.6321748296 3.474636412 4.391371591 42.46808324 425.8421404 1047.398817 1433.632749 1550.485538 1738.597946 1857.635253 1970.621989 2165.912193 2298.217467 2402.149945 2532.746323 2597.685043 2662.353760 2856.344556 2905.468751 3292.984923 3664.191736 3694.655304 3975.938178 4317.363696 4612.091902 5165.398379 5777.252812 6265.906402 6907.543699 7365.843733 8063.136646 9144.598203 9486.323492 9948.472663 10782.10214 13737.41966 18302.39749 20138.07066 23653.55354 30112.29525 33495.77741 37181.65654 39705.99134 70829.82884 75453.02695 98515.42060 104887.2386 112842.5055 132372.0299 244193.2493 352370.8376 6959198.877
