    unsorted:	 0.004987749954 0.005951918726 0.008283595462 0.1719165082 0.2292654043 0.6802655122 0.8473158265 1.660257113 2174.300732 2208.571816 2292.030700 2346.180932 2408.304744 2063.991830 1918.833526 1862.394445 2574.605523 2689.742278 2727.841028 2791.780712 2864.380414 1750.849984 1524.790393 1377.708984 1334.904365 3268.924755 3428.211063 1067.400613 3536.599153 3746.668782 568.2009159 424.0462577 165.1525546 3927.490908 4223.479708 4487.511224 4812.832549 -970.7486113 5454.309465 6029.762193 6736.824598 8145.056312 10727.02132 14347.45117 40793.00915 40208.64052 64074.95086 74512.57052 153458.4347 365327.4748 760686.6110 4043979164.
      sorted:	 -970.7486113 0.004987749954 0.005951918726 0.008283595462 0.1719165082 0.2292654043 0.6802655122 0.8473158265 1.660257113 165.1525546 424.0462577 568.2009159 1067.400613 1334.904365 1377.708984 1524.790393 1750.849984 1862.394445 1918.833526 2063.991830 2174.300732 2208.571816 2292.030700 2346.180932 2408.304744 2574.605523 2689.742278 2727.841028 2791.780712 2864.380414 3268.924755 3428.211063 3536.599153 3746.668782 3927.490908 4223.479708 4487.511224 4812.832549 5454.309465 6029.762193 6736.824598 8145.056312 10727.02132 14347.45117 40208.64052 40793.00915 64074.95086 74512.57052 153458.4347 365327.4748 760686.6110 4043979164.
