    unsorted:	 0.005017963029 0.007819894130 0.01095012505 0.005516430378 0.1817718899 0.1655207263 0.2979570667 0.5944909448 0.5929520403 0.6189304831 0.4461530682 2045.593231 1938.618759 1908.944780 2009.448522 1881.804840 2114.532644 2149.290685 2208.823048 2236.021930 2499.246022 2526.585028 2701.799383 2762.219027 1589.741765 2894.035917 3070.995722 3096.374382 3181.105711 3252.755741 1416.753507 3327.967266 1292.698148 1168.356918 1138.277280 416.1019164 447.9079350 3750.138702 4127.684149 4894.785549 5402.890702 6175.342928 6352.996248 6959.251549 7393.212760 7694.804759 8584.548994 9317.304566 12729.53201 15761.97758 18021.35513 24914.14778 33860.25027 37180.02006 65157.36103 238118.2619 500324.1454 642108.8635
      sorted:	 0.005017963029 0.005516430378 0.007819894130 0.01095012505 0.1655207263 0.1817718899 0.2979570667 0.4461530682 0.5929520403 0.5944909448 0.6189304831 416.1019164 447.9079350 1138.277280 1168.356918 1292.698148 1416.753507 1589.741765 1881.804840 1908.944780 1938.618759 2009.448522 2045.593231 2114.532644 2149.290685 2208.823048 2236.021930 2499.246022 2526.585028 2701.799383 2762.219027 2894.035917 3070.995722 3096.374382 3181.105711 3252.755741 3327.967266 3750.138702 4127.684149 4894.785549 5402.890702 6175.342928 6352.996248 6959.251549 7393.212760 7694.804759 8584.548994 9317.304566 12729.53201 15761.97758 18021.35513 24914.14778 33860.25027 37180.02006 65157.36103 238118.2619 500324.1454 642108.8635
