    unsorted:	 0.005017027540 0.004987752108 0.003962754089 0.4547138851 -0.03047179130 0.6726245827 0.3636473184 30.00115436 427.1024165 2007.880498 1864.519704 1625.755028 1546.957904 2214.382976 1076.350273 2523.770777 2765.000225 2887.408591 2927.757460 3186.262320 3995.726388 4141.226247 4512.123037 5288.485747 5687.641526 6144.235135 6364.554613 6777.707696 6952.418312 8852.610313 9842.508406 10305.25903 11545.71756 13958.07099 13808.16583 14316.35423 15095.42916 18113.05784 18883.61954 20928.21464 24163.83086 31563.73926 35231.13387 37168.97032 41085.24685 57199.62979 74822.07071 81864.98575 109435.8874 124333.0733 135374.0073 172872.6667 268954.8807 646042.9808 3562084.959 9637231.291
      sorted:	 -0.03047179130 0.003962754089 0.004987752108 0.005017027540 0.3636473184 0.4547138851 0.6726245827 30.00115436 427.1024165 1076.350273 1546.957904 1625.755028 1864.519704 2007.880498 2214.382976 2523.770777 2765.000225 2887.408591 2927.757460 3186.262320 3995.726388 4141.226247 4512.123037 5288.485747 5687.641526 6144.235135 6364.554613 6777.707696 6952.418312 8852.610313 9842.508406 10305.25903 11545.71756 13808.16583 13958.07099 14316.35423 15095.42916 18113.05784 18883.61954 20928.21464 24163.83086 31563.73926 35231.13387 37168.97032 41085.24685 57199.62979 74822.07071 81864.98575 109435.8874 124333.0733 135374.0073 172872.6667 268954.8807 646042.9808 3562084.959 9637231.291
