    unsorted:	 0.005118292178 0.004953419770 0.007628039478 0.08081180466 0.2415546531 0.2142046130 0.5053625931 4.810335208 95.53499837 2485.048930 2518.601671 2579.565696 2369.632563 2250.251000 2149.469040 2029.019963 1930.481426 1685.698111 2939.037617 2997.794408 3206.753811 3299.582965 3344.431184 1450.329041 1370.568117 3719.141307 425.0857356 592.8720975 841.1758883 -101.3600729 4106.057531 4426.576758 4635.890597 4766.788466 5211.324356 5324.949675 5936.192125 6804.344579 7365.671690 7428.834189 8351.104792 11225.33275 12706.61321 17210.23002 20808.71332 39508.60214 56904.76445 66386.65175 76362.48918 145524.7245 207943.8162 1499478.088 6919912955.
      sorted:	 -101.3600729 0.004953419770 0.005118292178 0.007628039478 0.08081180466 0.2142046130 0.2415546531 0.5053625931 4.810335208 95.53499837 425.0857356 592.8720975 841.1758883 1370.568117 1450.329041 1685.698111 1930.481426 2029.019963 2149.469040 2250.251000 2369.632563 2485.048930 2518.601671 2579.565696 2939.037617 2997.794408 3206.753811 3299.582965 3344.431184 3719.141307 4106.057531 4426.576758 4635.890597 4766.788466 5211.324356 5324.949675 5936.192125 6804.344579 7365.671690 7428.834189 8351.104792 11225.33275 12706.61321 17210.23002 20808.71332 39508.60214 56904.76445 66386.65175 76362.48918 145524.7245 207943.8162 1499478.088 6919912955.
