    unsorted:	 0.005003568570 0.005004766243 0.005016752855 0.005480218402 0.4225628931 0.5958978560 0.3919520428 10.28388103 191.8632821 2606.490574 2624.783106 2532.942099 2403.627520 2332.263014 2841.684914 2080.736004 1927.331034 3232.027688 3368.334304 3474.110763 3516.694072 3743.169907 3767.729053 3918.648836 1705.712636 1484.775526 1389.172600 1200.374756 4174.825057 825.5401740 412.7954930 4413.418126 4540.871748 4584.910247 5118.423269 5310.252996 5595.646257 5785.768954 6407.111699 7433.490762 7255.318717 9302.786099 9601.040843 12012.83315 19287.55003 37183.47768 34106.39672 54960.81595 69739.87575 74373.19029 95383.13944 112377.5531 114421.9025 239369.0769 363158.2154 3577416.410
      sorted:	 0.005003568570 0.005004766243 0.005016752855 0.005480218402 0.3919520428 0.4225628931 0.5958978560 10.28388103 191.8632821 412.7954930 825.5401740 1200.374756 1389.172600 1484.775526 1705.712636 1927.331034 2080.736004 2332.263014 2403.627520 2532.942099 2606.490574 2624.783106 2841.684914 3232.027688 3368.334304 3474.110763 3516.694072 3743.169907 3767.729053 3918.648836 4174.825057 4413.418126 4540.871748 4584.910247 5118.423269 5310.252996 5595.646257 5785.768954 6407.111699 7255.318717 7433.490762 9302.786099 9601.040843 12012.83315 19287.55003 34106.39672 37183.47768 54960.81595 69739.87575 74373.19029 95383.13944 112377.5531 114421.9025 239369.0769 363158.2154 3577416.410
