    unsorted:	 0.005017427287 0.004980234657 0.007492514637 0.1276975104 0.2202063386 0.5080213349 0.5268255793 0.4248700371 0.3435046805 2185.722921 2272.151109 2399.261707 2534.973745 2619.352377 2663.105378 2063.394644 1939.776084 1751.100493 3039.177896 1503.432353 1395.521689 3239.076558 3404.340158 3433.047849 1020.126199 889.0038106 508.4832059 419.2219413 3789.861141 4175.665624 4597.816673 4674.668683 5016.742011 5229.453161 5724.356101 6241.029421 6839.127729 7636.704215 9280.385509 11850.11554 11492.88085 16065.08676 18535.08603 29143.75071 40782.10011 64532.43164 76981.14153 93135.61310 185795.6108 219563.4670 482319.3330 2024410.698
      sorted:	 0.004980234657 0.005017427287 0.007492514637 0.1276975104 0.2202063386 0.3435046805 0.4248700371 0.5080213349 0.5268255793 419.2219413 508.4832059 889.0038106 1020.126199 1395.521689 1503.432353 1751.100493 1939.776084 2063.394644 2185.722921 2272.151109 2399.261707 2534.973745 2619.352377 2663.105378 3039.177896 3239.076558 3404.340158 3433.047849 3789.861141 4175.665624 4597.816673 4674.668683 5016.742011 5229.453161 5724.356101 6241.029421 6839.127729 7636.704215 9280.385509 11492.88085 11850.11554 16065.08676 18535.08603 29143.75071 40782.10011 64532.43164 76981.14153 93135.61310 185795.6108 219563.4670 482319.3330 2024410.698
