    unsorted:	 0.004995777659 0.005383582324 0.006611654672 0.02260727487 0.5391086350 2360.234629 2344.934990 2407.674534 2425.986718 2237.615241 2523.104741 2114.516180 1921.070203 1884.017789 1750.807932 2696.800109 1567.433785 3091.030963 3119.438784 3064.192134 3352.006289 3316.477786 1235.932227 1156.470519 1039.659626 981.4274995 649.8224022 3533.082017 3582.062052 3669.411159 3764.413029 345.7596431 293.5568648 429.8580093 176.8363285 23.81808609 4202.470825 4480.797583 5667.237345 -1632.363426 6453.359971 8905.739590 17286.99197 19985.02026 33342.60185 40887.54752 64994.48447 75089.28564 112559.4053 194707.1370 1092125.870 2568136607. 1.975915325e+10
      sorted:	 -1632.363426 0.004995777659 0.005383582324 0.006611654672 0.02260727487 0.5391086350 23.81808609 176.8363285 293.5568648 345.7596431 429.8580093 649.8224022 981.4274995 1039.659626 1156.470519 1235.932227 1567.433785 1750.807932 1884.017789 1921.070203 2114.516180 2237.615241 2344.934990 2360.234629 2407.674534 2425.986718 2523.104741 2696.800109 3064.192134 3091.030963 3119.438784 3316.477786 3352.006289 3533.082017 3582.062052 3669.411159 3764.413029 4202.470825 4480.797583 5667.237345 6453.359971 8905.739590 17286.99197 19985.02026 33342.60185 40887.54752 64994.48447 75089.28564 112559.4053 194707.1370 1092125.870 2568136607. 1.975915325e+10
