    unsorted:	 0.004948825968 0.02731291605 0.04089725456 0.04721314651 0.005064025558 0.09503079817 0.2032166779 4.168225994 17.12553540 42.60619487 69.22259987 82.01430169 348.0812653 352.9262916 290.1235971 509.5523964 778.6568663 1105.481333 1246.955148 1299.577954 1465.152212 1696.885400 1853.962303 2003.566737 2044.555468 2250.069595 2317.937905 2455.245364 2518.557149 2573.216109 2767.701833 2819.332944 3085.051698 3240.326418 3447.011326 3478.861110 3570.820284 3734.616382 4425.228143 4477.798501 5803.682292 6184.243798 6716.534119 7032.239731 8881.415223 8575.565694 9403.078722 9573.166276 10223.01817 11887.08461 13145.87496 18732.98863 22103.00012 37218.08693 40663.91361 78814.99664 99850.68180 107390.1875 232330.1412 283795.4876 2179167.638
      sorted:	 0.004948825968 0.005064025558 0.02731291605 0.04089725456 0.04721314651 0.09503079817 0.2032166779 4.168225994 17.12553540 42.60619487 69.22259987 82.01430169 290.1235971 348.0812653 352.9262916 509.5523964 778.6568663 1105.481333 1246.955148 1299.577954 1465.152212 1696.885400 1853.962303 2003.566737 2044.555468 2250.069595 2317.937905 2455.245364 2518.557149 2573.216109 2767.701833 2819.332944 3085.051698 3240.326418 3447.011326 3478.861110 3570.820284 3734.616382 4425.228143 4477.798501 5803.682292 6184.243798 6716.534119 7032.239731 8575.565694 8881.415223 9403.078722 9573.166276 10223.01817 11887.08461 13145.87496 18732.98863 22103.00012 37218.08693 40663.91361 78814.99664 99850.68180 107390.1875 232330.1412 283795.4876 2179167.638
