    unsorted:	 0.005040022256 0.007168633792 0.02449949414 0.1953773349 0.5911349525 0.6486196925 1.073307949 1.467059397 6.271303429 2175.832089 2232.968772 2225.551211 2153.488758 2327.970561 2293.019345 2394.862868 1929.421359 1886.286265 2588.203861 2696.535177 2739.017883 1722.111390 1486.065672 1330.593454 1312.956835 3051.904220 3244.122800 3363.324145 3456.200021 534.5486338 419.0699015 736.6309315 3650.147365 3881.990393 4007.608846 4418.389927 4849.710287 5275.307419 6372.376969 6541.839184 7024.530263 7916.841966 8928.939792 11222.75317 29239.75282 38332.47435 -39246.20981 62983.41370 72440.06566 130900.0297 208815.4604 545617.9139 888222.6866 5.821045084e+10
      sorted:	 -39246.20981 0.005040022256 0.007168633792 0.02449949414 0.1953773349 0.5911349525 0.6486196925 1.073307949 1.467059397 6.271303429 419.0699015 534.5486338 736.6309315 1312.956835 1330.593454 1486.065672 1722.111390 1886.286265 1929.421359 2153.488758 2175.832089 2225.551211 2232.968772 2293.019345 2327.970561 2394.862868 2588.203861 2696.535177 2739.017883 3051.904220 3244.122800 3363.324145 3456.200021 3650.147365 3881.990393 4007.608846 4418.389927 4849.710287 5275.307419 6372.376969 6541.839184 7024.530263 7916.841966 8928.939792 11222.75317 29239.75282 38332.47435 62983.41370 72440.06566 130900.0297 208815.4604 545617.9139 888222.6866 5.821045084e+10
