    unsorted:	 0.005017149215 0.004979532915 0.004971660135 0.005471933701 0.4700371207 0.6256732917 0.3921444382 29.20945098 195.3890159 427.6858272 499.9649591 2453.371187 2517.364037 2611.356004 2212.416939 1995.531291 1895.981871 1825.961753 1606.618518 1484.307563 2824.226058 2970.630929 3096.804865 1071.796179 3812.908466 3952.359066 4080.726129 4466.873343 4567.606572 4617.543203 6159.038004 6503.316617 7521.719698 8540.515918 10042.16637 10683.71279 11787.42840 12536.23924 13984.66828 19394.64498 20274.37389 22485.46371 24292.74038 29997.48595 33545.75260 37194.95496 36937.34841 45190.61143 52661.09593 67257.01484 77148.09616 98325.31209 105996.9915 114518.3078 129371.0673 245476.7800 355503.0310 7809686.783
      sorted:	 0.004971660135 0.004979532915 0.005017149215 0.005471933701 0.3921444382 0.4700371207 0.6256732917 29.20945098 195.3890159 427.6858272 499.9649591 1071.796179 1484.307563 1606.618518 1825.961753 1895.981871 1995.531291 2212.416939 2453.371187 2517.364037 2611.356004 2824.226058 2970.630929 3096.804865 3812.908466 3952.359066 4080.726129 4466.873343 4567.606572 4617.543203 6159.038004 6503.316617 7521.719698 8540.515918 10042.16637 10683.71279 11787.42840 12536.23924 13984.66828 19394.64498 20274.37389 22485.46371 24292.74038 29997.48595 33545.75260 36937.34841 37194.95496 45190.61143 52661.09593 67257.01484 77148.09616 98325.31209 105996.9915 114518.3078 129371.0673 245476.7800 355503.0310 7809686.783
