    unsorted:	 0.005153005450 0.005013677936 0.02002585602 0.2161876179 0.4273978298 0.6607200016 2504.303323 2491.273826 2616.947708 2749.345228 2874.329238 3122.823407 3206.595923 3267.793430 2009.851678 1959.059811 1851.130759 1636.388018 1531.427996 1137.165851 1255.247484 673.9078823 603.1802550 457.6347088 391.3495084 237.3790694 77.90796448 4017.496153 3997.402583 4359.051151 4669.396928 4736.114806 6383.579384 6659.735811 7477.195174 7964.072660 10236.33775 10832.87147 11928.68616 12640.68136 15903.30921 20395.42646 20918.01073 25749.88996 29860.59155 31165.75207 35065.78551 35365.39967 40036.84395 47347.84406 55950.74554 67626.17420 -49929.51883 80254.79050 100244.9897 111806.2529 120922.0052 136593.3048 256546.7406 281203.6937 8255311.253 7178057496. 7.177852505e+10
      sorted:	 -49929.51883 0.005013677936 0.005153005450 0.02002585602 0.2161876179 0.4273978298 0.6607200016 77.90796448 237.3790694 391.3495084 457.6347088 603.1802550 673.9078823 1137.165851 1255.247484 1531.427996 1636.388018 1851.130759 1959.059811 2009.851678 2491.273826 2504.303323 2616.947708 2749.345228 2874.329238 3122.823407 3206.595923 3267.793430 3997.402583 4017.496153 4359.051151 4669.396928 4736.114806 6383.579384 6659.735811 7477.195174 7964.072660 10236.33775 10832.87147 11928.68616 12640.68136 15903.30921 20395.42646 20918.01073 25749.88996 29860.59155 31165.75207 35065.78551 35365.39967 40036.84395 47347.84406 55950.74554 67626.17420 80254.79050 100244.9897 111806.2529 120922.0052 136593.3048 256546.7406 281203.6937 8255311.253 7178057496. 7.177852505e+10
