    unsorted:	 0.01250673770 0.01210704167 0.004887086317 0.002896936042 -3.609298109 67.64020121 95.13202160 266.0730623 356.0209636 311.4259529 508.6139152 495.1463279 780.3595431 772.5931494 850.0296880 856.9999880 726.5182773 943.3385193 1133.884291 1211.944181 1219.218141 1290.558894 1281.797490 -350.6645081 -427.4184208 -732.0807116 -876.1277929 -1066.369973 1719.248906 -1432.947480 -1491.199965 -1520.828961 1969.211977 -1840.964586 2314.708271 -2408.467835 -2467.082910 -2754.015404 -3309.461486 -3325.865498 -3103.747904 -3727.644792 3445.429164 -5056.651167 -6590.328138 7029.533732 -10655.54444 16231.96219 -22790.00063 32036.72700 32746.04478 57113.81468 -71718.15638 -91245.82749 -90052.29832 90809.74892 -159049.4017 -191557.0559 230806.1101 368913.1749 -402589.0955 989390.1608
      sorted:	 -402589.0955 -191557.0559 -159049.4017 -91245.82749 -90052.29832 -71718.15638 -22790.00063 -10655.54444 -6590.328138 -5056.651167 -3727.644792 -3325.865498 -3309.461486 -3103.747904 -2754.015404 -2467.082910 -2408.467835 -1840.964586 -1520.828961 -1491.199965 -1432.947480 -1066.369973 -876.1277929 -732.0807116 -427.4184208 -350.6645081 -3.609298109 0.002896936042 0.004887086317 0.01210704167 0.01250673770 67.64020121 95.13202160 266.0730623 311.4259529 356.0209636 495.1463279 508.6139152 726.5182773 772.5931494 780.3595431 850.0296880 856.9999880 943.3385193 1133.884291 1211.944181 1219.218141 1281.797490 1290.558894 1719.248906 1969.211977 2314.708271 3445.429164 7029.533732 16231.96219 32036.72700 32746.04478 57113.81468 90809.74892 230806.1101 368913.1749 989390.1608
