    unsorted:	 0.004990576472 0.005004341155 0.004933742626 0.4917352170 0.6202625789 9.239575091 10.33057499 53.03712672 2427.975618 2434.204620 2704.725756 2754.236111 2567.103187 2178.369977 1985.677437 1838.001799 3054.552123 1581.710477 1472.201516 3379.977674 3458.208260 3833.260575 3816.995226 3866.431563 4023.878067 4146.901377 4314.148191 1202.072826 1054.385110 424.4572070 4506.120307 4716.866284 4852.531394 -408.0793763 5665.777356 5908.394251 7327.183187 7396.313070 9068.734794 11632.79262 13590.19005 15949.18269 20485.84867 37190.93473 37137.54350 45985.41866 62533.27647 78254.86898 87284.99518 106624.7250 115007.6348 129381.8748 241627.1158 6195758.652 1566543761. 1.444845010e+10
      sorted:	 -408.0793763 0.004933742626 0.004990576472 0.005004341155 0.4917352170 0.6202625789 9.239575091 10.33057499 53.03712672 424.4572070 1054.385110 1202.072826 1472.201516 1581.710477 1838.001799 1985.677437 2178.369977 2427.975618 2434.204620 2567.103187 2704.725756 2754.236111 3054.552123 3379.977674 3458.208260 3816.995226 3833.260575 3866.431563 4023.878067 4146.901377 4314.148191 4506.120307 4716.866284 4852.531394 5665.777356 5908.394251 7327.183187 7396.313070 9068.734794 11632.79262 13590.19005 15949.18269 20485.84867 37137.54350 37190.93473 45985.41866 62533.27647 78254.86898 87284.99518 106624.7250 115007.6348 129381.8748 241627.1158 6195758.652 1566543761. 1.444845010e+10
