    unsorted:	 0.005017865445 0.007465893321 0.01326558482 0.1866461976 0.1766312754 0.1930451373 0.2468314076 0.5767679377 0.5662614854 0.6042040234 2209.479404 2187.457355 2156.377943 2141.461782 2329.540382 2011.645307 1943.168053 1894.155597 2453.781465 2509.749385 2589.439022 2665.453280 1729.812063 2848.882862 2951.485931 1446.807354 1260.522891 1218.835811 3179.363130 3389.328259 3495.421563 419.9332230 488.6823752 740.5217842 3667.450669 3853.799519 4069.993613 4386.878648 4964.603260 6254.253984 6494.862426 6821.871786 7574.152355 8836.630206 9942.809875 11934.94942 38317.80249 35675.57251 67857.43003 78604.43643 90862.16108 186831.4749 405893.2183 723374.5457
      sorted:	 0.005017865445 0.007465893321 0.01326558482 0.1766312754 0.1866461976 0.1930451373 0.2468314076 0.5662614854 0.5767679377 0.6042040234 419.9332230 488.6823752 740.5217842 1218.835811 1260.522891 1446.807354 1729.812063 1894.155597 1943.168053 2011.645307 2141.461782 2156.377943 2187.457355 2209.479404 2329.540382 2453.781465 2509.749385 2589.439022 2665.453280 2848.882862 2951.485931 3179.363130 3389.328259 3495.421563 3667.450669 3853.799519 4069.993613 4386.878648 4964.603260 6254.253984 6494.862426 6821.871786 7574.152355 8836.630206 9942.809875 11934.94942 35675.57251 38317.80249 67857.43003 78604.43643 90862.16108 186831.4749 405893.2183 723374.5457
