    unsorted:	 0.005016839404 0.004978609613 0.004958152204 0.1448129863 0.4323730000 0.6413291844 20.92958926 2361.353896 2384.116009 2546.653193 2736.260782 2885.678545 2024.367484 1926.779187 1824.548335 3120.189098 3174.270560 1585.854663 1455.361803 1049.652321 214.8939847 428.7307552 472.6428523 3787.889688 3970.992873 4117.206323 4560.961371 4585.780619 4802.790048 6054.572500 6482.517221 6810.020548 7478.459765 8332.805373 9693.631551 9993.218420 10553.27815 11917.47173 12318.76391 19566.95666 23557.51197 28319.65801 33097.85935 34872.91021 37179.83397 42451.07229 51832.70438 64394.86787 79037.64341 85682.11888 86644.66002 111320.6836 121799.0873 215582.1643 246816.8069 7111103.690
      sorted:	 0.004958152204 0.004978609613 0.005016839404 0.1448129863 0.4323730000 0.6413291844 20.92958926 214.8939847 428.7307552 472.6428523 1049.652321 1455.361803 1585.854663 1824.548335 1926.779187 2024.367484 2361.353896 2384.116009 2546.653193 2736.260782 2885.678545 3120.189098 3174.270560 3787.889688 3970.992873 4117.206323 4560.961371 4585.780619 4802.790048 6054.572500 6482.517221 6810.020548 7478.459765 8332.805373 9693.631551 9993.218420 10553.27815 11917.47173 12318.76391 19566.95666 23557.51197 28319.65801 33097.85935 34872.91021 37179.83397 42451.07229 51832.70438 64394.86787 79037.64341 85682.11888 86644.66002 111320.6836 121799.0873 215582.1643 246816.8069 7111103.690
