    unsorted:	 0.005016687740 0.004945667922 0.005269366092 0.005476753305 0.4152444306 0.4490015985 0.3286221894 2317.906147 2313.849249 2269.828185 2219.304987 2138.026270 2404.466001 1870.772769 1927.270301 1797.658462 2627.957539 1590.721990 2800.439283 1471.849081 2964.123920 3038.349555 3119.718603 3179.960770 3273.100551 3317.297946 3440.742578 3505.698515 3600.279109 3692.310100 1102.355623 1166.306421 971.4559730 340.4940857 297.6546509 177.6985780 144.6404514 624.4403492 4341.147084 4514.877326 4824.215838 5565.901380 5955.049579 7357.143723 14163.08571 15813.06849 27740.12329 31019.70686 38375.31326 72097.29660 95903.97025 99827.12033 218718.6981 271602.2432 1458146.949
      sorted:	 0.004945667922 0.005016687740 0.005269366092 0.005476753305 0.3286221894 0.4152444306 0.4490015985 144.6404514 177.6985780 297.6546509 340.4940857 624.4403492 971.4559730 1102.355623 1166.306421 1471.849081 1590.721990 1797.658462 1870.772769 1927.270301 2138.026270 2219.304987 2269.828185 2313.849249 2317.906147 2404.466001 2627.957539 2800.439283 2964.123920 3038.349555 3119.718603 3179.960770 3273.100551 3317.297946 3440.742578 3505.698515 3600.279109 3692.310100 4341.147084 4514.877326 4824.215838 5565.901380 5955.049579 7357.143723 14163.08571 15813.06849 27740.12329 31019.70686 38375.31326 72097.29660 95903.97025 99827.12033 218718.6981 271602.2432 1458146.949
