    unsorted:	 0.005016673592 0.004976138629 0.004967730945 0.4141413887 0.6270857092 1.437441802 32.76978338 216.8197754 420.9645636 498.3745585 954.9690934 1703.842683 1473.394279 1844.273544 2065.877637 2234.668980 2443.398184 2580.780066 2700.027052 2968.628367 3310.235399 3291.029671 3203.340985 4113.452210 4402.342949 4595.068456 4792.055449 4891.314538 5432.579024 6096.001689 6621.989464 8224.417646 8590.685663 9677.135066 10264.61259 11376.92741 13165.61569 13693.12554 20116.22506 21776.90634 25461.27880 27825.25339 30491.26910 35004.61574 36542.59527 37169.26915 40611.55773 48587.84855 62477.87185 78835.51099 85156.25075 108080.9747 117265.7793 172768.6311 246490.0740 4773959.530
      sorted:	 0.004967730945 0.004976138629 0.005016673592 0.4141413887 0.6270857092 1.437441802 32.76978338 216.8197754 420.9645636 498.3745585 954.9690934 1473.394279 1703.842683 1844.273544 2065.877637 2234.668980 2443.398184 2580.780066 2700.027052 2968.628367 3203.340985 3291.029671 3310.235399 4113.452210 4402.342949 4595.068456 4792.055449 4891.314538 5432.579024 6096.001689 6621.989464 8224.417646 8590.685663 9677.135066 10264.61259 11376.92741 13165.61569 13693.12554 20116.22506 21776.90634 25461.27880 27825.25339 30491.26910 35004.61574 36542.59527 37169.26915 40611.55773 48587.84855 62477.87185 78835.51099 85156.25075 108080.9747 117265.7793 172768.6311 246490.0740 4773959.530
