    unsorted:	 0.005017276671 0.004977967225 0.007153091798 0.1430796164 0.1232114709 0.4867975325 0.6247282071 53.62220900 1984.694089 2134.318478 2279.613649 2441.128249 2539.269352 2680.869820 1789.864972 1578.096201 2920.107920 2994.878330 3199.346964 1410.241196 3401.781933 1034.508976 427.2308231 333.2775781 4027.095967 4164.528334 4575.184523 4748.321136 4907.404963 5533.703778 6191.526515 7106.225303 9337.216890 10538.26045 12476.47560 14408.53718 24734.56930 24882.17790 30948.08372 42273.77618 39581.38720 40645.11918 49727.78279 56470.45449 60685.73974 63085.73288 75003.17175 80312.58145 114032.4084 178560.7096 198392.2613 7393206.397
      sorted:	 0.004977967225 0.005017276671 0.007153091798 0.1232114709 0.1430796164 0.4867975325 0.6247282071 53.62220900 333.2775781 427.2308231 1034.508976 1410.241196 1578.096201 1789.864972 1984.694089 2134.318478 2279.613649 2441.128249 2539.269352 2680.869820 2920.107920 2994.878330 3199.346964 3401.781933 4027.095967 4164.528334 4575.184523 4748.321136 4907.404963 5533.703778 6191.526515 7106.225303 9337.216890 10538.26045 12476.47560 14408.53718 24734.56930 24882.17790 30948.08372 39581.38720 40645.11918 42273.77618 49727.78279 56470.45449 60685.73974 63085.73288 75003.17175 80312.58145 114032.4084 178560.7096 198392.2613 7393206.397
