    unsorted:	 0.005016891638 0.004956217667 0.007286143453 0.1249811150 0.01738516550 0.4382644640 0.4204201856 1936.430816 1886.995579 1755.930061 2247.871995 2186.361741 2336.811763 2386.906599 2469.111022 2507.656246 2565.829668 1610.962707 2717.898799 2760.743896 1498.418776 1230.683457 1161.502755 1037.082135 965.3865897 663.8728371 345.9312025 306.5848651 417.7602235 190.3624026 3140.556550 3216.023675 3392.087379 3433.082716 3693.697170 3858.768742 4168.626627 4615.951586 5586.715183 5984.341803 7710.032240 19401.94099 21756.90014 42305.05597 32755.52276 41486.42091 56499.83956 63002.07388 83275.43618 181881.7376 217089.3344 1375055.713
      sorted:	 0.004956217667 0.005016891638 0.007286143453 0.01738516550 0.1249811150 0.4204201856 0.4382644640 190.3624026 306.5848651 345.9312025 417.7602235 663.8728371 965.3865897 1037.082135 1161.502755 1230.683457 1498.418776 1610.962707 1755.930061 1886.995579 1936.430816 2186.361741 2247.871995 2336.811763 2386.906599 2469.111022 2507.656246 2565.829668 2717.898799 2760.743896 3140.556550 3216.023675 3392.087379 3433.082716 3693.697170 3858.768742 4168.626627 4615.951586 5586.715183 5984.341803 7710.032240 19401.94099 21756.90014 32755.52276 41486.42091 42305.05597 56499.83956 63002.07388 83275.43618 181881.7376 217089.3344 1375055.713
