    unsorted:	 0.005017623580 0.006753359991 0.008566209001 0.1406531664 0.1651198823 0.2326344677 0.4830729558 0.5373743981 0.5523689148 2415.063927 2445.549254 2350.815834 2580.862717 2611.083942 2267.403485 2089.305376 2020.490427 1904.320082 1811.501607 2847.376269 2902.288835 2945.934104 1632.614614 1452.186251 1346.972314 3251.928540 1002.967041 866.9144257 422.9598881 3608.891606 193.5436331 3887.148910 4335.593437 4491.559474 4835.683897 4981.389632 5691.648717 5913.744953 7487.742868 7961.620208 8362.404244 10776.40094 15267.28938 20756.79112 42243.46118 56998.79215 64673.27101 85218.48269 162768.5255 200854.1647 1327672.299
      sorted:	 0.005017623580 0.006753359991 0.008566209001 0.1406531664 0.1651198823 0.2326344677 0.4830729558 0.5373743981 0.5523689148 193.5436331 422.9598881 866.9144257 1002.967041 1346.972314 1452.186251 1632.614614 1811.501607 1904.320082 2020.490427 2089.305376 2267.403485 2350.815834 2415.063927 2445.549254 2580.862717 2611.083942 2847.376269 2902.288835 2945.934104 3251.928540 3608.891606 3887.148910 4335.593437 4491.559474 4835.683897 4981.389632 5691.648717 5913.744953 7487.742868 7961.620208 8362.404244 10776.40094 15267.28938 20756.79112 42243.46118 56998.79215 64673.27101 85218.48269 162768.5255 200854.1647 1327672.299
