    unsorted:	 0.009504798284 0.1509508834 0.1564406247 0.1067653444 0.05944911862 0.005064398069 0.2244390925 3.812026716 18.57679969 23.55851079 48.09005742 170.1076496 231.3837095 316.5231512 304.5434166 500.1923867 758.2199771 944.7844795 1036.426930 1190.811095 1378.061806 1505.387449 1633.639558 1716.126256 1765.789479 1804.224335 1887.758070 1940.666497 2005.482290 2096.576820 2186.318733 2208.612726 2349.189392 2387.650445 2522.611390 2510.999013 2693.102444 2879.104732 2979.379896 3006.796779 3241.475369 3722.981441 3903.710172 4677.849728 4977.833276 6037.631786 6284.603828 6458.705140 6930.992677 7112.049340 7608.590069 8054.198041 9093.263565 10075.69134 12575.94803 20993.89455 24627.63320 37219.87556 194739.0375 399265.1444
      sorted:	 0.005064398069 0.009504798284 0.05944911862 0.1067653444 0.1509508834 0.1564406247 0.2244390925 3.812026716 18.57679969 23.55851079 48.09005742 170.1076496 231.3837095 304.5434166 316.5231512 500.1923867 758.2199771 944.7844795 1036.426930 1190.811095 1378.061806 1505.387449 1633.639558 1716.126256 1765.789479 1804.224335 1887.758070 1940.666497 2005.482290 2096.576820 2186.318733 2208.612726 2349.189392 2387.650445 2510.999013 2522.611390 2693.102444 2879.104732 2979.379896 3006.796779 3241.475369 3722.981441 3903.710172 4677.849728 4977.833276 6037.631786 6284.603828 6458.705140 6930.992677 7112.049340 7608.590069 8054.198041 9093.263565 10075.69134 12575.94803 20993.89455 24627.63320 37219.87556 194739.0375 399265.1444
