    unsorted:	 0.005017254377 0.004973357985 0.006005058255 0.1075179610 0.1669741633 0.4843718534 0.6075138130 18.11812280 428.9640567 415.6857710 1476.794966 1612.071307 1844.747211 1989.836325 2195.176363 1090.145518 978.2768131 2474.397689 2532.041317 2635.501386 2801.382718 3072.978465 3195.435832 3677.622706 3912.599332 4020.190218 4666.453979 4648.251075 4547.250886 4836.008513 6530.278523 7250.880355 7720.908278 9136.476616 10046.68557 12716.30133 14592.01923 22371.70687 24228.58517 27111.52414 29369.82469 37539.53306 40845.60838 43373.34078 63182.62488 68331.43845 69406.87722 81360.09548 86847.45493 142575.5777 202464.8368 212512.4744 7815906.331
      sorted:	 0.004973357985 0.005017254377 0.006005058255 0.1075179610 0.1669741633 0.4843718534 0.6075138130 18.11812280 415.6857710 428.9640567 978.2768131 1090.145518 1476.794966 1612.071307 1844.747211 1989.836325 2195.176363 2474.397689 2532.041317 2635.501386 2801.382718 3072.978465 3195.435832 3677.622706 3912.599332 4020.190218 4547.250886 4648.251075 4666.453979 4836.008513 6530.278523 7250.880355 7720.908278 9136.476616 10046.68557 12716.30133 14592.01923 22371.70687 24228.58517 27111.52414 29369.82469 37539.53306 40845.60838 43373.34078 63182.62488 68331.43845 69406.87722 81360.09548 86847.45493 142575.5777 202464.8368 212512.4744 7815906.331
