    unsorted:	 0.004975335143 0.004977230401 0.007257079981 0.04690462009 0.06174922197 0.1269426484 0.1630260287 0.3282580721 2674.456287 2707.823873 2537.643130 2423.984942 2791.408005 2269.846105 2204.405893 2118.905307 1950.640113 1796.917196 3072.054619 1511.729176 1400.467651 3285.286967 3468.129402 3635.001995 1154.199323 936.6833530 735.0842399 424.4419430 3944.345875 4576.357538 4903.266706 5044.617289 5243.623283 6174.712881 6888.865310 7256.797824 7774.307118 8024.546566 8567.674204 8978.543242 10170.66822 12420.52842 13377.13291 14711.68434 15532.09033 20055.54455 23555.06705 27710.60951 30356.87559 31775.36455 37166.79512 39355.92975 102178.7075 2610555.946 4575514.586 -132989131.5 8.816924271e+10 7.955071925e+11
      sorted:	 -132989131.5 0.004975335143 0.004977230401 0.007257079981 0.04690462009 0.06174922197 0.1269426484 0.1630260287 0.3282580721 424.4419430 735.0842399 936.6833530 1154.199323 1400.467651 1511.729176 1796.917196 1950.640113 2118.905307 2204.405893 2269.846105 2423.984942 2537.643130 2674.456287 2707.823873 2791.408005 3072.054619 3285.286967 3468.129402 3635.001995 3944.345875 4576.357538 4903.266706 5044.617289 5243.623283 6174.712881 6888.865310 7256.797824 7774.307118 8024.546566 8567.674204 8978.543242 10170.66822 12420.52842 13377.13291 14711.68434 15532.09033 20055.54455 23555.06705 27710.60951 30356.87559 31775.36455 37166.79512 39355.92975 102178.7075 2610555.946 4575514.586 8.816924271e+10 7.955071925e+11
