    unsorted:	 0.006294215504 0.007819326575 0.003260079053 0.4820370362 0.4710082820 0.6002494253 -0.4645561107 2785.901664 2748.802401 2925.615243 2968.879324 2628.533646 3082.702225 2409.114341 2379.182190 3209.177388 2210.219220 2059.503277 2038.103474 1858.466530 3329.667619 1764.439330 3420.141215 3610.589147 3743.826377 1449.174656 1268.841584 1164.294587 1020.273651 844.4815796 3915.300116 387.4426158 365.4415849 89.87928427 264.5771765 4100.691710 4208.526415 4345.313684 4763.611651 5361.027800 7502.249269 9375.053725 12878.36620 -10893.19375 40880.54122 55613.49405 68977.44625 75134.73518 105612.6235 187939.8922 580637.1332 1121648.801 3543356295. 3.439542284e+10
      sorted:	 -10893.19375 -0.4645561107 0.003260079053 0.006294215504 0.007819326575 0.4710082820 0.4820370362 0.6002494253 89.87928427 264.5771765 365.4415849 387.4426158 844.4815796 1020.273651 1164.294587 1268.841584 1449.174656 1764.439330 1858.466530 2038.103474 2059.503277 2210.219220 2379.182190 2409.114341 2628.533646 2748.802401 2785.901664 2925.615243 2968.879324 3082.702225 3209.177388 3329.667619 3420.141215 3610.589147 3743.826377 3915.300116 4100.691710 4208.526415 4345.313684 4763.611651 5361.027800 7502.249269 9375.053725 12878.36620 40880.54122 55613.49405 68977.44625 75134.73518 105612.6235 187939.8922 580637.1332 1121648.801 3543356295. 3.439542284e+10
