    unsorted:	 0.005267774038 0.007572951344 0.007526304704 0.05435148705 0.4004677858 0.3975869477 0.5303836865 4.259466212 41.52512792 2455.822351 2500.250878 2333.527357 2238.800308 2103.588087 2618.669500 2016.549969 1917.136215 1800.368865 2891.908824 3077.193815 3142.717317 3215.580120 1479.514586 1368.817489 1130.127408 997.1146961 3618.004862 423.5763754 3910.361074 4127.550244 4472.278536 4523.213759 5091.814377 5628.129328 6028.655976 6576.147893 6753.863483 6894.879135 7118.828651 7687.551896 8845.123504 10318.98229 10704.25150 15438.49956 17451.66942 37136.25592 63871.99978 75362.37596 120688.2879 214604.2191 263858.5178 441026.2741 1730707.737 1.445229858e+11 8.072974464e+12
      sorted:	 0.005267774038 0.007526304704 0.007572951344 0.05435148705 0.3975869477 0.4004677858 0.5303836865 4.259466212 41.52512792 423.5763754 997.1146961 1130.127408 1368.817489 1479.514586 1800.368865 1917.136215 2016.549969 2103.588087 2238.800308 2333.527357 2455.822351 2500.250878 2618.669500 2891.908824 3077.193815 3142.717317 3215.580120 3618.004862 3910.361074 4127.550244 4472.278536 4523.213759 5091.814377 5628.129328 6028.655976 6576.147893 6753.863483 6894.879135 7118.828651 7687.551896 8845.123504 10318.98229 10704.25150 15438.49956 17451.66942 37136.25592 63871.99978 75362.37596 120688.2879 214604.2191 263858.5178 441026.2741 1730707.737 1.445229858e+11 8.072974464e+12
