    unsorted:	 0.005017061185 0.004965763534 0.004947032255 0.4587210811 -0.01124356753 0.2994579656 24.50679874 71.38945187 177.2148730 137.0767484 288.4137851 352.6611575 359.3966515 557.0730519 767.6514604 1269.012349 1284.589637 1110.312575 1487.662729 1702.562640 1846.705286 2005.537423 2039.707861 2249.134343 2293.875866 2468.030998 2580.778178 2534.616701 2673.200205 2795.737662 2839.806501 3227.263817 3444.556695 3558.283541 3709.108333 3826.674232 4472.196231 4520.379259 6160.952222 6856.614593 7064.244496 8538.436141 8879.624340 9484.139739 9661.351483 11916.14593 12994.05282 18943.59176 21980.06322 26585.65518 29224.76502 37218.31422 43038.29887 79822.21517 102923.9098 110936.8504 234643.6651 339414.9025 2203393.788
      sorted:	 -0.01124356753 0.004947032255 0.004965763534 0.005017061185 0.2994579656 0.4587210811 24.50679874 71.38945187 137.0767484 177.2148730 288.4137851 352.6611575 359.3966515 557.0730519 767.6514604 1110.312575 1269.012349 1284.589637 1487.662729 1702.562640 1846.705286 2005.537423 2039.707861 2249.134343 2293.875866 2468.030998 2534.616701 2580.778178 2673.200205 2795.737662 2839.806501 3227.263817 3444.556695 3558.283541 3709.108333 3826.674232 4472.196231 4520.379259 6160.952222 6856.614593 7064.244496 8538.436141 8879.624340 9484.139739 9661.351483 11916.14593 12994.05282 18943.59176 21980.06322 26585.65518 29224.76502 37218.31422 43038.29887 79822.21517 102923.9098 110936.8504 234643.6651 339414.9025 2203393.788
