    unsorted:	 0.005017043003 0.004964352758 0.004943160497 0.005481915438 0.4561063578 0.3811367246 24.45665101 77.42646125 144.7357463 186.5760438 295.0629226 354.7241596 360.1495878 596.1508245 780.8474257 1294.840608 1278.905422 1117.170878 1506.537087 1710.712141 1851.088040 2009.746643 2042.038677 2251.531342 2304.554023 2472.330399 2587.772586 2539.077139 2658.803894 2805.387127 2847.468814 3235.199825 3455.338756 3568.288681 3711.924335 3838.199677 4486.468613 4577.403229 6177.285374 6895.834695 7296.440255 8605.268179 9099.508105 9588.592324 11982.87171 11745.95125 13323.51911 19833.45899 25671.60471 26944.52900 31442.00067 37219.11617 50394.94589 79992.85170 103110.9153 110364.6509 236373.3950 332289.6527 2343095.586
      sorted:	 0.004943160497 0.004964352758 0.005017043003 0.005481915438 0.3811367246 0.4561063578 24.45665101 77.42646125 144.7357463 186.5760438 295.0629226 354.7241596 360.1495878 596.1508245 780.8474257 1117.170878 1278.905422 1294.840608 1506.537087 1710.712141 1851.088040 2009.746643 2042.038677 2251.531342 2304.554023 2472.330399 2539.077139 2587.772586 2658.803894 2805.387127 2847.468814 3235.199825 3455.338756 3568.288681 3711.924335 3838.199677 4486.468613 4577.403229 6177.285374 6895.834695 7296.440255 8605.268179 9099.508105 9588.592324 11745.95125 11982.87171 13323.51911 19833.45899 25671.60471 26944.52900 31442.00067 37219.11617 50394.94589 79992.85170 103110.9153 110364.6509 236373.3950 332289.6527 2343095.586
