    unsorted:	 0.005017055453 0.004969658837 0.004948416929 0.005469746219 0.4582255197 0.5409492199 0.3868762484 11.58617286 28.52419370 117.7172537 381.9984885 386.9842492 2152.294654 2178.266797 2018.378720 2304.673383 2405.167883 1876.837689 2495.593773 2639.792382 2863.717906 2997.129176 3118.516822 3205.985694 3256.477712 1701.363232 3422.788582 3524.454336 3562.681428 3606.393016 3653.671996 3815.584844 1343.387873 1258.234333 1177.191194 976.1871771 3978.897262 4121.800173 4188.085961 4687.971319 5056.010697 5141.627381 5866.950028 6517.009650 7826.231636 9565.553640 13816.31801 37206.81362 32994.73591 48171.39431 69910.30697 89306.52040 108631.1248 112127.1638 231692.3257 350399.9320 1998841.747
      sorted:	 0.004948416929 0.004969658837 0.005017055453 0.005469746219 0.3868762484 0.4582255197 0.5409492199 11.58617286 28.52419370 117.7172537 381.9984885 386.9842492 976.1871771 1177.191194 1258.234333 1343.387873 1701.363232 1876.837689 2018.378720 2152.294654 2178.266797 2304.673383 2405.167883 2495.593773 2639.792382 2863.717906 2997.129176 3118.516822 3205.985694 3256.477712 3422.788582 3524.454336 3562.681428 3606.393016 3653.671996 3815.584844 3978.897262 4121.800173 4188.085961 4687.971319 5056.010697 5141.627381 5866.950028 6517.009650 7826.231636 9565.553640 13816.31801 32994.73591 37206.81362 48171.39431 69910.30697 89306.52040 108631.1248 112127.1638 231692.3257 350399.9320 1998841.747
