    unsorted:	 0.005017666340 0.006256729258 0.008108211159 0.1353241676 0.1558806433 0.3854449806 0.5438145439 0.5116089338 0.5601684267 2371.847118 2394.331938 2274.582124 2209.804434 2083.079295 1930.398889 1924.184883 1809.336063 2777.561898 2798.423024 2751.260529 2826.779456 2610.157264 1588.296150 1400.765485 1339.417457 1131.638438 3259.577393 3405.483210 3520.431935 584.6514777 3759.582555 420.2175902 79.39443820 3973.760173 4237.955158 4544.798317 5020.252054 5257.518844 6469.137425 7067.046969 7492.180106 7806.499214 8031.633808 9680.950090 10530.64413 13587.42330 18348.03708 26024.77987 37174.45574 65916.05500 72289.65390 105706.9116 135665.3027 215631.3851 1244035.983
      sorted:	 0.005017666340 0.006256729258 0.008108211159 0.1353241676 0.1558806433 0.3854449806 0.5116089338 0.5438145439 0.5601684267 79.39443820 420.2175902 584.6514777 1131.638438 1339.417457 1400.765485 1588.296150 1809.336063 1924.184883 1930.398889 2083.079295 2209.804434 2274.582124 2371.847118 2394.331938 2610.157264 2751.260529 2777.561898 2798.423024 2826.779456 3259.577393 3405.483210 3520.431935 3759.582555 3973.760173 4237.955158 4544.798317 5020.252054 5257.518844 6469.137425 7067.046969 7492.180106 7806.499214 8031.633808 9680.950090 10530.64413 13587.42330 18348.03708 26024.77987 37174.45574 65916.05500 72289.65390 105706.9116 135665.3027 215631.3851 1244035.983
