    unsorted:	 0.005017654046 0.006361107060 0.008395682650 0.1386940676 0.1579128674 0.3844780392 0.5425898162 0.5549458454 0.5102853288 2791.437521 2778.622621 2774.087329 2833.940233 2400.981313 2394.513567 2274.697920 2217.342363 2585.678148 2044.987810 1925.603659 1912.178216 1782.182829 1584.340786 3100.771712 1403.252012 1329.365373 3378.177627 3530.974214 3705.327080 596.5060986 421.1527723 97.33400108 3992.870377 4182.784216 4605.568731 5085.381466 5293.597766 6375.449085 6944.607308 7169.137686 7855.718602 8083.032644 8404.975372 10545.25003 14759.75628 19277.43754 38327.24392 42171.66439 66630.43801 84934.16351 103964.3965 125983.8816 232469.6504 2822085.358
      sorted:	 0.005017654046 0.006361107060 0.008395682650 0.1386940676 0.1579128674 0.3844780392 0.5102853288 0.5425898162 0.5549458454 97.33400108 421.1527723 596.5060986 1329.365373 1403.252012 1584.340786 1782.182829 1912.178216 1925.603659 2044.987810 2217.342363 2274.697920 2394.513567 2400.981313 2585.678148 2774.087329 2778.622621 2791.437521 2833.940233 3100.771712 3378.177627 3530.974214 3705.327080 3992.870377 4182.784216 4605.568731 5085.381466 5293.597766 6375.449085 6944.607308 7169.137686 7855.718602 8083.032644 8404.975372 10545.25003 14759.75628 19277.43754 38327.24392 42171.66439 66630.43801 84934.16351 103964.3965 125983.8816 232469.6504 2822085.358
