    unsorted:	 0.004979555723 0.005567178496 0.005848024315 0.03788772225 0.06174063444 0.5001297538 0.7637749505 70.78570357 3249.542486 3396.778814 3538.766685 3531.846391 3117.154043 2811.858021 2585.645134 2299.503751 2058.207640 2043.349142 1807.957847 1727.321559 1512.961941 1242.480164 1181.610480 445.0565129 4263.320499 4374.961972 4795.663424 4827.437802 4671.935105 4996.701338 5379.461514 5590.500687 5780.462351 6245.112222 6395.482927 6944.350597 7415.799000 9143.319198 10009.55866 17688.50265 22607.97717 24452.34524 25403.67078 37182.93154 39806.22412 46707.30704 55299.45996 64934.96060 78671.53709 94216.27786 113055.7946 127592.3350 150232.6048 249795.1278 8037361.682 -220501120.9 2.681896996e+11 1.682997262e+12
      sorted:	 -220501120.9 0.004979555723 0.005567178496 0.005848024315 0.03788772225 0.06174063444 0.5001297538 0.7637749505 70.78570357 445.0565129 1181.610480 1242.480164 1512.961941 1727.321559 1807.957847 2043.349142 2058.207640 2299.503751 2585.645134 2811.858021 3117.154043 3249.542486 3396.778814 3531.846391 3538.766685 4263.320499 4374.961972 4671.935105 4795.663424 4827.437802 4996.701338 5379.461514 5590.500687 5780.462351 6245.112222 6395.482927 6944.350597 7415.799000 9143.319198 10009.55866 17688.50265 22607.97717 24452.34524 25403.67078 37182.93154 39806.22412 46707.30704 55299.45996 64934.96060 78671.53709 94216.27786 113055.7946 127592.3350 150232.6048 249795.1278 8037361.682 2.681896996e+11 1.682997262e+12
