    unsorted:	 0.008633165534 0.1083045746 0.1414377698 0.1495571165 0.03915887659 0.005063890019 0.2249418619 0.9931256356 4.019395187 18.05322831 24.87732473 62.54991124 204.1312656 266.6420273 310.5861712 384.4775058 484.1270107 729.2111461 923.6981319 1014.596981 1186.660027 1342.227435 1446.899571 1594.771547 1672.271306 1736.681457 1784.861506 1853.943875 1938.986718 1969.798781 2071.875278 2147.663335 2179.389355 2312.666286 2359.090193 2451.394916 2484.671119 2647.835180 2817.853738 2970.788136 2928.883460 3176.160468 3671.045301 3882.420889 4543.776275 4791.890590 5945.554269 6234.576963 6788.931991 6656.566292 7216.010643 7510.685768 7830.658823 8937.010869 9908.679793 11485.91067 19454.90796 24540.40034 37219.80991 193350.1465 377955.7469
      sorted:	 0.005063890019 0.008633165534 0.03915887659 0.1083045746 0.1414377698 0.1495571165 0.2249418619 0.9931256356 4.019395187 18.05322831 24.87732473 62.54991124 204.1312656 266.6420273 310.5861712 384.4775058 484.1270107 729.2111461 923.6981319 1014.596981 1186.660027 1342.227435 1446.899571 1594.771547 1672.271306 1736.681457 1784.861506 1853.943875 1938.986718 1969.798781 2071.875278 2147.663335 2179.389355 2312.666286 2359.090193 2451.394916 2484.671119 2647.835180 2817.853738 2928.883460 2970.788136 3176.160468 3671.045301 3882.420889 4543.776275 4791.890590 5945.554269 6234.576963 6656.566292 6788.931991 7216.010643 7510.685768 7830.658823 8937.010869 9908.679793 11485.91067 19454.90796 24540.40034 37219.80991 193350.1465 377955.7469
