    unsorted:	 0.005017783845 0.007096731633 0.008498431886 0.005503067733 0.1398852242 0.1708924952 0.3216564856 0.5633268340 0.5431005351 0.5839567735 0.4169704786 2237.187265 2218.456148 2202.695308 2328.085932 2143.459008 2372.907468 2447.664612 2545.059832 1961.549038 1920.201576 2716.729352 2786.326952 1737.863807 1334.847029 1328.954713 1497.418895 1162.244647 3118.991993 3259.037857 3473.668247 3537.401213 3652.285766 419.9212528 543.2867681 4022.457401 4236.289646 4517.928077 4784.897073 5519.272625 6166.618215 6257.106983 6585.588481 7119.586153 7642.588518 8772.024161 9950.463714 12125.81316 13193.90688 14799.72072 16048.54823 18502.26571 37175.86845 32859.75578 67264.67586 269064.4541 591031.7472 895868.9107
      sorted:	 0.005017783845 0.005503067733 0.007096731633 0.008498431886 0.1398852242 0.1708924952 0.3216564856 0.4169704786 0.5431005351 0.5633268340 0.5839567735 419.9212528 543.2867681 1162.244647 1328.954713 1334.847029 1497.418895 1737.863807 1920.201576 1961.549038 2143.459008 2202.695308 2218.456148 2237.187265 2328.085932 2372.907468 2447.664612 2545.059832 2716.729352 2786.326952 3118.991993 3259.037857 3473.668247 3537.401213 3652.285766 4022.457401 4236.289646 4517.928077 4784.897073 5519.272625 6166.618215 6257.106983 6585.588481 7119.586153 7642.588518 8772.024161 9950.463714 12125.81316 13193.90688 14799.72072 16048.54823 18502.26571 32859.75578 37175.86845 67264.67586 269064.4541 591031.7472 895868.9107
