    unsorted:	 0.005017750985 0.008548054936 0.007133651264 0.1404346043 0.1714803522 0.2486806975 0.5577234593 0.5437833355 0.5914375772 2188.803652 2174.537619 2147.919464 2120.980226 2240.803760 2312.995728 2323.692424 1923.731826 1866.450588 2525.457415 2689.697102 2679.866370 1654.609442 1323.710540 1315.351314 1441.710092 2928.570528 3140.829735 3314.902556 3423.127016 3432.574357 1011.917890 3721.884369 3832.601145 531.3960991 422.8220206 130.0318045 4240.717652 4630.261967 5483.677048 5976.969528 6409.473292 7810.456460 8794.644615 10798.66899 17878.48123 40786.23670 46332.16828 66808.88759 85906.84313 140012.5326 220826.3988 703524.5717
      sorted:	 0.005017750985 0.007133651264 0.008548054936 0.1404346043 0.1714803522 0.2486806975 0.5437833355 0.5577234593 0.5914375772 130.0318045 422.8220206 531.3960991 1011.917890 1315.351314 1323.710540 1441.710092 1654.609442 1866.450588 1923.731826 2120.980226 2147.919464 2174.537619 2188.803652 2240.803760 2312.995728 2323.692424 2525.457415 2679.866370 2689.697102 2928.570528 3140.829735 3314.902556 3423.127016 3432.574357 3721.884369 3832.601145 4240.717652 4630.261967 5483.677048 5976.969528 6409.473292 7810.456460 8794.644615 10798.66899 17878.48123 40786.23670 46332.16828 66808.88759 85906.84313 140012.5326 220826.3988 703524.5717
