    unsorted:	 0.005017038736 0.005024715410 0.004973432055 0.1574039217 0.4558419978 0.6114555138 12.55754586 25.85073012 2542.811830 2491.377643 2630.195214 2200.600455 1995.417311 1847.183632 1604.341405 2788.868638 1469.870427 3047.867908 3178.980471 1062.965455 427.4224403 469.4726152 3594.580657 3953.545476 4024.423997 4526.365255 4718.502121 4685.608195 4988.387144 6673.863964 7717.302362 8450.386197 8919.312883 9877.200051 11110.66654 12969.95805 18298.61169 21057.03917 23131.54754 25119.39151 29336.32122 32092.28393 39570.80177 39345.64824 47810.78384 58306.59464 69072.96821 73807.70650 84754.21279 89876.50822 123252.3231 201096.5396 221390.4952 7811813.074
      sorted:	 0.004973432055 0.005017038736 0.005024715410 0.1574039217 0.4558419978 0.6114555138 12.55754586 25.85073012 427.4224403 469.4726152 1062.965455 1469.870427 1604.341405 1847.183632 1995.417311 2200.600455 2491.377643 2542.811830 2630.195214 2788.868638 3047.867908 3178.980471 3594.580657 3953.545476 4024.423997 4526.365255 4685.608195 4718.502121 4988.387144 6673.863964 7717.302362 8450.386197 8919.312883 9877.200051 11110.66654 12969.95805 18298.61169 21057.03917 23131.54754 25119.39151 29336.32122 32092.28393 39345.64824 39570.80177 47810.78384 58306.59464 69072.96821 73807.70650 84754.21279 89876.50822 123252.3231 201096.5396 221390.4952 7811813.074
