    unsorted:	 0.005017030289 0.004971242492 0.004942558491 0.4549747799 71.29412696 80.83280335 23.78242850 171.7407570 232.1506256 263.0366248 318.1977227 351.7033709 429.8772989 714.6703165 1214.250555 1253.870287 1080.821151 1466.721109 1656.640835 1826.993903 1972.579324 2010.708556 2230.480863 2255.934183 2365.425102 2423.759298 2496.975478 2605.399246 2737.766623 2770.068319 3148.605242 3332.515411 3447.783564 3677.371826 3619.441061 4119.769675 4359.438426 5907.399480 6569.284391 6976.674981 8277.267828 8930.960385 9345.244067 11332.84060 11612.88090 12523.31407 19889.81525 21236.05762 23004.53139 32763.98900 37213.77702 51141.74114 79938.62858 105371.8330 163688.9871 239762.0766 2392241.549
      sorted:	 0.004942558491 0.004971242492 0.005017030289 0.4549747799 23.78242850 71.29412696 80.83280335 171.7407570 232.1506256 263.0366248 318.1977227 351.7033709 429.8772989 714.6703165 1080.821151 1214.250555 1253.870287 1466.721109 1656.640835 1826.993903 1972.579324 2010.708556 2230.480863 2255.934183 2365.425102 2423.759298 2496.975478 2605.399246 2737.766623 2770.068319 3148.605242 3332.515411 3447.783564 3619.441061 3677.371826 4119.769675 4359.438426 5907.399480 6569.284391 6976.674981 8277.267828 8930.960385 9345.244067 11332.84060 11612.88090 12523.31407 19889.81525 21236.05762 23004.53139 32763.98900 37213.77702 51141.74114 79938.62858 105371.8330 163688.9871 239762.0766 2392241.549
