    unsorted:	 0.005016863005 0.004958252915 0.007307426666 0.005448832417 0.1252630117 0.4349456984 0.2890661559 14.44372991 202.9964056 285.3549091 334.9507181 521.6400722 606.7406536 921.4806342 985.2896803 1051.262713 1120.788446 1211.079215 1499.627259 1827.516388 1879.676564 1700.020707 2068.793686 2170.541533 2254.461683 2244.987295 2341.186535 2366.757544 2495.959138 2610.894943 2656.295017 3010.526259 3062.223281 3287.743181 3254.025741 3358.023223 3662.909961 3822.899925 4424.016078 4931.000752 5344.384321 6577.235151 19214.93407 23327.22570 26020.03920 35706.47394 42303.99857 56072.23194 63021.37313 85087.73099 179092.5265 225829.5159 1149202.521
      sorted:	 0.004958252915 0.005016863005 0.005448832417 0.007307426666 0.1252630117 0.2890661559 0.4349456984 14.44372991 202.9964056 285.3549091 334.9507181 521.6400722 606.7406536 921.4806342 985.2896803 1051.262713 1120.788446 1211.079215 1499.627259 1700.020707 1827.516388 1879.676564 2068.793686 2170.541533 2244.987295 2254.461683 2341.186535 2366.757544 2495.959138 2610.894943 2656.295017 3010.526259 3062.223281 3254.025741 3287.743181 3358.023223 3662.909961 3822.899925 4424.016078 4931.000752 5344.384321 6577.235151 19214.93407 23327.22570 26020.03920 35706.47394 42303.99857 56072.23194 63021.37313 85087.73099 179092.5265 225829.5159 1149202.521
