    unsorted:	 0.005017648487 0.005007657587 0.005176190446 0.005487131060 0.02243804497 0.04923699374 0.5413256042 0.6418417257 0.4138214329 28.58440765 444.9795481 614.6805118 2113.363527 2053.390103 2297.281543 1777.756270 1558.753399 1433.491766 1187.148123 2586.437637 2811.816570 3330.818367 3250.736266 3128.841857 3548.333197 3582.026041 4825.230865 4852.770353 4417.822251 5000.229561 5086.287512 5370.849988 5528.301538 6127.000270 6226.459647 6609.254092 7504.576239 7577.079907 8156.845703 8996.877419 12445.04517 21898.66966 25353.13615 25601.11976 23852.83547 32688.99305 37180.23598 42416.43660 59623.87207 62392.61870 80470.16209 107914.6913 124168.0825 134699.9227 159331.7755 182969.4909 262830.5179 1044513.891 9322557.159
      sorted:	 0.005007657587 0.005017648487 0.005176190446 0.005487131060 0.02243804497 0.04923699374 0.4138214329 0.5413256042 0.6418417257 28.58440765 444.9795481 614.6805118 1187.148123 1433.491766 1558.753399 1777.756270 2053.390103 2113.363527 2297.281543 2586.437637 2811.816570 3128.841857 3250.736266 3330.818367 3548.333197 3582.026041 4417.822251 4825.230865 4852.770353 5000.229561 5086.287512 5370.849988 5528.301538 6127.000270 6226.459647 6609.254092 7504.576239 7577.079907 8156.845703 8996.877419 12445.04517 21898.66966 23852.83547 25353.13615 25601.11976 32688.99305 37180.23598 42416.43660 59623.87207 62392.61870 80470.16209 107914.6913 124168.0825 134699.9227 159331.7755 182969.4909 262830.5179 1044513.891 9322557.159
