    unsorted:	 0.005246604281 0.004967646096 0.004057371672 0.4522029985 5.621260124 -11.52414824 31.20519972 108.9268133 358.3372234 372.6095831 2651.064638 2670.218017 2550.727020 2477.653068 2342.125511 2247.288122 2792.505878 2846.451484 2890.452144 2044.409470 2007.832009 1832.667700 1729.084658 3127.117404 3266.695356 1362.537592 1227.075556 1138.229140 850.6929357 791.9737209 3390.538876 3472.972545 3537.370091 3651.724161 3978.366132 4110.995417 4336.451908 4493.883328 4865.843415 5454.472792 -1674.491812 7362.016656 8386.382087 10165.10147 17247.01621 33656.10985 39606.01344 61656.04877 85638.41035 116039.8707 -131556.5698 199999.0956 1068525.762 1275892582. 1.037342451e+10
      sorted:	 -131556.5698 -1674.491812 -11.52414824 0.004057371672 0.004967646096 0.005246604281 0.4522029985 5.621260124 31.20519972 108.9268133 358.3372234 372.6095831 791.9737209 850.6929357 1138.229140 1227.075556 1362.537592 1729.084658 1832.667700 2007.832009 2044.409470 2247.288122 2342.125511 2477.653068 2550.727020 2651.064638 2670.218017 2792.505878 2846.451484 2890.452144 3127.117404 3266.695356 3390.538876 3472.972545 3537.370091 3651.724161 3978.366132 4110.995417 4336.451908 4493.883328 4865.843415 5454.472792 7362.016656 8386.382087 10165.10147 17247.01621 33656.10985 39606.01344 61656.04877 85638.41035 116039.8707 199999.0956 1068525.762 1275892582. 1.037342451e+10
