    unsorted:	 0.005017838159 0.007457707349 0.01303351703 0.1846307084 0.1765072604 0.2512724686 0.5672870327 0.5724297937 0.6067038836 2097.063849 2124.769879 2161.216314 2198.022420 2250.979692 1972.170348 1913.953607 1886.433853 2334.401026 2448.180023 2534.216051 2573.445727 1659.556862 2774.797356 2831.456115 1420.331101 1264.906069 1195.782809 3061.997787 987.9536916 3302.608317 3325.254322 3462.081489 3525.893354 421.8155100 473.3086838 106.6185826 3777.545754 4169.700330 5389.053958 5934.677924 6216.776192 7705.787971 8984.694282 10530.78493 18291.36173 40795.49412 43088.24750 64234.06781 74871.54769 88084.03524 182402.2025 585367.1128
      sorted:	 0.005017838159 0.007457707349 0.01303351703 0.1765072604 0.1846307084 0.2512724686 0.5672870327 0.5724297937 0.6067038836 106.6185826 421.8155100 473.3086838 987.9536916 1195.782809 1264.906069 1420.331101 1659.556862 1886.433853 1913.953607 1972.170348 2097.063849 2124.769879 2161.216314 2198.022420 2250.979692 2334.401026 2448.180023 2534.216051 2573.445727 2774.797356 2831.456115 3061.997787 3302.608317 3325.254322 3462.081489 3525.893354 3777.545754 4169.700330 5389.053958 5934.677924 6216.776192 7705.787971 8984.694282 10530.78493 18291.36173 40795.49412 43088.24750 64234.06781 74871.54769 88084.03524 182402.2025 585367.1128
