    unsorted:	 0.005266940730 0.04387654206 0.01869106397 0.06172127197 0.005074499138 0.1207068074 0.1450882376 0.1982457641 1.457209636 5.689275644 23.68227664 112.8207031 167.4051955 291.3683543 435.9568008 608.1442007 1533.643033 1221.175853 1455.449708 1682.012061 1830.770787 2803.060113 2990.666169 2948.043119 2908.495978 2679.579268 3149.603812 3271.834414 3302.091921 2278.236689 3580.393289 3740.387016 4086.085375 4254.082066 4279.950632 4509.868705 4654.238777 4821.715748 4877.634652 5192.890740 5405.017885 5703.940181 5972.726713 6128.436383 6771.956360 7795.113204 8712.278788 9599.553220 14352.54549 17052.81706 24081.29658 37193.06453 34843.02763 46803.49911 73034.32919 82017.36068 110489.9468 140385.5544 243847.5071 702129.1061 3915066.602
      sorted:	 0.005074499138 0.005266940730 0.01869106397 0.04387654206 0.06172127197 0.1207068074 0.1450882376 0.1982457641 1.457209636 5.689275644 23.68227664 112.8207031 167.4051955 291.3683543 435.9568008 608.1442007 1221.175853 1455.449708 1533.643033 1682.012061 1830.770787 2278.236689 2679.579268 2803.060113 2908.495978 2948.043119 2990.666169 3149.603812 3271.834414 3302.091921 3580.393289 3740.387016 4086.085375 4254.082066 4279.950632 4509.868705 4654.238777 4821.715748 4877.634652 5192.890740 5405.017885 5703.940181 5972.726713 6128.436383 6771.956360 7795.113204 8712.278788 9599.553220 14352.54549 17052.81706 24081.29658 34843.02763 37193.06453 46803.49911 73034.32919 82017.36068 110489.9468 140385.5544 243847.5071 702129.1061 3915066.602
