    unsorted:	 0.005017555775 0.008618314891 0.006820655835 0.1412449103 0.1662853181 0.3879895280 0.4891917512 0.5271752663 0.5563993894 2742.245858 2755.517269 2712.062115 2795.222102 2822.427493 2421.483811 2319.277702 2264.852830 2183.913185 2076.978261 1898.801956 1849.550820 1810.009527 1483.872626 1354.517856 1258.648906 3305.366355 988.8513795 930.4653568 3505.364879 428.6837117 3667.000332 183.0411201 4065.141702 4172.139718 4486.658101 4738.599438 5002.496880 6737.965455 7332.608242 7682.333691 10124.64644 14899.35875 17812.03357 19460.75408 42211.56839 55495.33233 61301.59482 64871.87238 115557.5990 183150.9401 1399727.374
      sorted:	 0.005017555775 0.006820655835 0.008618314891 0.1412449103 0.1662853181 0.3879895280 0.4891917512 0.5271752663 0.5563993894 183.0411201 428.6837117 930.4653568 988.8513795 1258.648906 1354.517856 1483.872626 1810.009527 1849.550820 1898.801956 2076.978261 2183.913185 2264.852830 2319.277702 2421.483811 2712.062115 2742.245858 2755.517269 2795.222102 2822.427493 3305.366355 3505.364879 3667.000332 4065.141702 4172.139718 4486.658101 4738.599438 5002.496880 6737.965455 7332.608242 7682.333691 10124.64644 14899.35875 17812.03357 19460.75408 42211.56839 55495.33233 61301.59482 64871.87238 115557.5990 183150.9401 1399727.374
