    unsorted:	 0.004943494559 0.04128431322 0.04747139166 0.02829988986 0.005066683393 0.09370146272 0.2033132742 4.167708536 41.52754585 54.43303048 78.46740904 352.0057734 336.5624371 258.8546450 534.8691959 793.4464326 1117.749868 1265.508267 1317.367609 1494.866233 1711.692237 1862.263386 2012.439877 2051.222436 2254.526803 2346.782663 2466.951003 2525.928169 2597.091156 2796.112021 2848.355250 3093.776494 3267.820861 3472.118445 3499.591836 3604.149679 3760.357775 4496.060833 4542.689948 5935.894740 6242.453717 7043.056167 8155.183292 8624.205214 9136.740214 9592.569024 9971.975167 12025.45682 12215.77496 13605.73645 19781.61032 25473.39975 37219.06014 48395.22260 79061.26513 100250.3039 107502.6809 234583.8257 284349.0451 2346619.411
      sorted:	 0.004943494559 0.005066683393 0.02829988986 0.04128431322 0.04747139166 0.09370146272 0.2033132742 4.167708536 41.52754585 54.43303048 78.46740904 258.8546450 336.5624371 352.0057734 534.8691959 793.4464326 1117.749868 1265.508267 1317.367609 1494.866233 1711.692237 1862.263386 2012.439877 2051.222436 2254.526803 2346.782663 2466.951003 2525.928169 2597.091156 2796.112021 2848.355250 3093.776494 3267.820861 3472.118445 3499.591836 3604.149679 3760.357775 4496.060833 4542.689948 5935.894740 6242.453717 7043.056167 8155.183292 8624.205214 9136.740214 9592.569024 9971.975167 12025.45682 12215.77496 13605.73645 19781.61032 25473.39975 37219.06014 48395.22260 79061.26513 100250.3039 107502.6809 234583.8257 284349.0451 2346619.411
