    unsorted:	 0.005017841066 0.008773881544 0.007397027377 0.1430013656 0.1755880647 0.2502614957 0.5712974593 0.5565648892 0.6008965802 2164.094485 2165.707340 2132.663941 2106.931299 2224.444439 2294.566248 2326.543956 1925.346792 1853.593624 2506.255259 2655.664543 2666.234317 1651.797174 1441.637983 1308.412964 1287.660682 2954.635313 3145.797194 3243.516731 3307.269168 3404.781728 20.43146948 793.3888225 511.3541919 419.8036859 3637.613118 3742.408453 4083.165761 4559.658471 4848.062456 6128.909272 6316.126171 7168.113252 8138.444981 8643.914593 11289.96958 28426.56155 39539.70483 60816.90426 71488.22137 93779.91555 143874.9966 222875.8434 705387.7622
      sorted:	 0.005017841066 0.007397027377 0.008773881544 0.1430013656 0.1755880647 0.2502614957 0.5565648892 0.5712974593 0.6008965802 20.43146948 419.8036859 511.3541919 793.3888225 1287.660682 1308.412964 1441.637983 1651.797174 1853.593624 1925.346792 2106.931299 2132.663941 2164.094485 2165.707340 2224.444439 2294.566248 2326.543956 2506.255259 2655.664543 2666.234317 2954.635313 3145.797194 3243.516731 3307.269168 3404.781728 3637.613118 3742.408453 4083.165761 4559.658471 4848.062456 6128.909272 6316.126171 7168.113252 8138.444981 8643.914593 11289.96958 28426.56155 39539.70483 60816.90426 71488.22137 93779.91555 143874.9966 222875.8434 705387.7622
