    unsorted:	 0.005016755658 0.004979190999 0.004968547601 0.4230698130 0.6269131065 1.181207341 30.57255934 210.7993485 427.8810912 497.4200739 2501.318572 2429.183953 2600.592045 2213.144989 1996.167333 1885.084280 1811.405303 1608.123867 1488.058545 2825.786678 1072.548177 2992.323956 3128.087535 3800.494130 3948.068048 4132.568692 4561.260584 4616.963393 4752.444177 6243.592190 6660.757330 7566.193245 8697.906237 9642.102030 10077.48294 10710.16418 12263.20758 12619.99652 20367.80799 23095.97232 24507.37257 30015.04657 35147.62325 36662.38060 37155.71306 37272.29175 46271.18044 55731.16202 67516.08572 80208.36139 97930.85092 112658.7671 121852.2384 173837.6230 246738.8272 7845808.354
      sorted:	 0.004968547601 0.004979190999 0.005016755658 0.4230698130 0.6269131065 1.181207341 30.57255934 210.7993485 427.8810912 497.4200739 1072.548177 1488.058545 1608.123867 1811.405303 1885.084280 1996.167333 2213.144989 2429.183953 2501.318572 2600.592045 2825.786678 2992.323956 3128.087535 3800.494130 3948.068048 4132.568692 4561.260584 4616.963393 4752.444177 6243.592190 6660.757330 7566.193245 8697.906237 9642.102030 10077.48294 10710.16418 12263.20758 12619.99652 20367.80799 23095.97232 24507.37257 30015.04657 35147.62325 36662.38060 37155.71306 37272.29175 46271.18044 55731.16202 67516.08572 80208.36139 97930.85092 112658.7671 121852.2384 173837.6230 246738.8272 7845808.354
