    unsorted:	 0.005017544912 0.005002156799 0.005096380355 0.005493255512 0.02271431506 0.04307566330 0.06086554409 0.5251777381 0.6225335148 0.4111773074 26.37785305 3216.445934 3302.746488 3371.074429 3019.559197 3518.087433 2846.533124 2566.734656 2277.181559 2077.383990 1913.940105 1785.678075 1508.299293 1420.909191 1188.330930 4375.087788 4195.377867 4516.342823 4691.354443 4790.249778 4971.509535 444.2919556 5284.198718 5340.702747 5634.895306 5866.301899 6072.019780 6835.303627 7522.498869 8773.604935 10007.38663 19007.71606 21534.90726 25073.06174 23307.29380 26693.46241 37184.22908 41038.65246 58227.59248 63233.14299 77672.48271 92791.49930 112598.2026 123473.7667 134876.4203 155707.5844 255295.0487 866003.6164 7562286.116
      sorted:	 0.005002156799 0.005017544912 0.005096380355 0.005493255512 0.02271431506 0.04307566330 0.06086554409 0.4111773074 0.5251777381 0.6225335148 26.37785305 444.2919556 1188.330930 1420.909191 1508.299293 1785.678075 1913.940105 2077.383990 2277.181559 2566.734656 2846.533124 3019.559197 3216.445934 3302.746488 3371.074429 3518.087433 4195.377867 4375.087788 4516.342823 4691.354443 4790.249778 4971.509535 5284.198718 5340.702747 5634.895306 5866.301899 6072.019780 6835.303627 7522.498869 8773.604935 10007.38663 19007.71606 21534.90726 23307.29380 25073.06174 26693.46241 37184.22908 41038.65246 58227.59248 63233.14299 77672.48271 92791.49930 112598.2026 123473.7667 134876.4203 155707.5844 255295.0487 866003.6164 7562286.116
