    unsorted:	 0.005017869106 0.007479992626 0.008710178468 0.1422903040 0.1768405442 0.2472461660 0.2458139391 0.5777578416 0.5674048887 0.6005335007 2141.519402 2147.431667 2129.452799 2080.139941 2222.358549 2282.434076 2318.827906 1928.593901 1838.385973 2520.171505 2636.891452 2677.387446 1657.348621 1448.156406 1313.161984 1260.471605 1140.259582 2979.705436 3129.498226 3199.283128 3300.123967 3421.985269 3600.684701 505.2637518 419.0269412 3797.469790 4104.522681 4522.098191 5389.167180 6060.806191 6360.566808 6735.650873 7455.709998 8094.748610 8358.046369 10781.76380 11248.49047 37177.70310 36815.55079 71494.65915 98453.23010 169205.6943 245943.2244 531148.4947 841858.2555
      sorted:	 0.005017869106 0.007479992626 0.008710178468 0.1422903040 0.1768405442 0.2458139391 0.2472461660 0.5674048887 0.5777578416 0.6005335007 419.0269412 505.2637518 1140.259582 1260.471605 1313.161984 1448.156406 1657.348621 1838.385973 1928.593901 2080.139941 2129.452799 2141.519402 2147.431667 2222.358549 2282.434076 2318.827906 2520.171505 2636.891452 2677.387446 2979.705436 3129.498226 3199.283128 3300.123967 3421.985269 3600.684701 3797.469790 4104.522681 4522.098191 5389.167180 6060.806191 6360.566808 6735.650873 7455.709998 8094.748610 8358.046369 10781.76380 11248.49047 36815.55079 37177.70310 71494.65915 98453.23010 169205.6943 245943.2244 531148.4947 841858.2555
