    unsorted:	 0.004982188592 0.004961319927 0.008412212443 0.1356361406 0.5362602752 0.4779201757 0.6369809359 0.6743935447 1.792543699 34.22539115 2279.924679 2475.521465 2516.622164 2447.111391 2560.481598 2172.318224 2105.622937 1994.482350 1926.463141 2876.045863 2919.800981 3237.326271 3192.769354 3317.535468 1656.299569 1431.075532 1353.613715 3660.772459 423.3507837 601.1984949 840.0389257 3971.025074 4400.470463 4460.411384 4745.827591 4994.233602 5250.409631 5568.851204 6222.459338 6845.915458 7210.928031 7533.843598 8795.510001 10949.96450 12053.74760 16317.71452 38292.28611 45511.57300 67686.57139 75007.53159 142013.2142 214382.2400 1152328.890 894759495.4
      sorted:	 0.004961319927 0.004982188592 0.008412212443 0.1356361406 0.4779201757 0.5362602752 0.6369809359 0.6743935447 1.792543699 34.22539115 423.3507837 601.1984949 840.0389257 1353.613715 1431.075532 1656.299569 1926.463141 1994.482350 2105.622937 2172.318224 2279.924679 2447.111391 2475.521465 2516.622164 2560.481598 2876.045863 2919.800981 3192.769354 3237.326271 3317.535468 3660.772459 3971.025074 4400.470463 4460.411384 4745.827591 4994.233602 5250.409631 5568.851204 6222.459338 6845.915458 7210.928031 7533.843598 8795.510001 10949.96450 12053.74760 16317.71452 38292.28611 45511.57300 67686.57139 75007.53159 142013.2142 214382.2400 1152328.890 894759495.4
