    unsorted:	 0.005016972378 0.004960411845 0.07356468091 0.4478415202 0.4127705212 -0.02497664271 0.3173318683 59.26877927 179.4087914 372.6938827 403.3356625 715.8995210 899.1325395 1234.078873 1320.386251 1496.304357 1821.626560 1910.567988 2083.241040 2103.175605 2317.273188 2860.044662 2897.756494 2709.131294 3305.431742 3493.473256 3678.903282 3808.436721 3943.119867 4576.003889 4851.920788 5078.176345 5028.462054 5166.419524 5682.195416 6003.583389 6643.283973 10942.30415 14875.89886 15309.23383 18885.23228 17659.19020 18139.52586 20463.09308 20692.92724 21387.50496 24751.32700 30696.71585 37200.66053 36001.94368 65684.67117 69674.07890 93225.03876 114031.3552 156174.7541 245884.4924 574138.7085 2784841.427 3469859.774
      sorted:	 -0.02497664271 0.004960411845 0.005016972378 0.07356468091 0.3173318683 0.4127705212 0.4478415202 59.26877927 179.4087914 372.6938827 403.3356625 715.8995210 899.1325395 1234.078873 1320.386251 1496.304357 1821.626560 1910.567988 2083.241040 2103.175605 2317.273188 2709.131294 2860.044662 2897.756494 3305.431742 3493.473256 3678.903282 3808.436721 3943.119867 4576.003889 4851.920788 5028.462054 5078.176345 5166.419524 5682.195416 6003.583389 6643.283973 10942.30415 14875.89886 15309.23383 17659.19020 18139.52586 18885.23228 20463.09308 20692.92724 21387.50496 24751.32700 30696.71585 36001.94368 37200.66053 65684.67117 69674.07890 93225.03876 114031.3552 156174.7541 245884.4924 574138.7085 2784841.427 3469859.774
