    unsorted:	 0.005016433080 0.005022859278 0.004940462417 0.005471228658 0.3892956700 0.3376446597 10.61937887 2373.197907 2356.404320 2393.536103 2308.952631 2228.671598 2489.330643 2513.896159 2064.036807 1919.696303 1891.616754 2683.696201 1749.665264 1577.507013 1230.737740 1148.437241 1025.132933 346.7420842 300.3960015 193.0435549 432.3506920 658.1336367 851.1855083 3069.020900 3104.313847 3147.796066 3206.851418 3377.334805 3357.380304 3564.215416 3637.332314 3726.720580 3941.208039 4485.817455 4855.934373 5930.685159 7092.213813 18475.70334 21458.15529 28381.80612 39608.22166 40492.21365 65941.80921 86131.61714 96013.28310 201481.4843 275559.4444 1232615.142
      sorted:	 0.004940462417 0.005016433080 0.005022859278 0.005471228658 0.3376446597 0.3892956700 10.61937887 193.0435549 300.3960015 346.7420842 432.3506920 658.1336367 851.1855083 1025.132933 1148.437241 1230.737740 1577.507013 1749.665264 1891.616754 1919.696303 2064.036807 2228.671598 2308.952631 2356.404320 2373.197907 2393.536103 2489.330643 2513.896159 2683.696201 3069.020900 3104.313847 3147.796066 3206.851418 3357.380304 3377.334805 3564.215416 3637.332314 3726.720580 3941.208039 4485.817455 4855.934373 5930.685159 7092.213813 18475.70334 21458.15529 28381.80612 39608.22166 40492.21365 65941.80921 86131.61714 96013.28310 201481.4843 275559.4444 1232615.142
