    unsorted:	 0.005016962583 0.004992789958 0.004977191999 0.1598630166 0.4451543755 0.6198398032 29.15113653 46.10360530 2531.648802 2624.629950 2469.537738 2204.026615 1991.422531 1851.389173 1608.343032 2813.173726 1471.588849 3027.083636 3147.808239 1070.908948 427.9227817 484.5705709 3758.503368 3967.772540 4089.630326 4570.005743 4667.462546 4783.795173 5816.967588 6715.003276 7713.593685 8897.397589 10097.74916 10723.81249 11937.68371 12894.45396 15047.81872 18345.08490 21576.50324 24307.35866 27726.73468 31112.47998 38193.34181 38348.08032 37070.69921 54291.44911 63092.15886 68722.09805 79443.89332 85981.45782 101148.8086 122865.9233 201803.5382 232637.3237 7547431.200
      sorted:	 0.004977191999 0.004992789958 0.005016962583 0.1598630166 0.4451543755 0.6198398032 29.15113653 46.10360530 427.9227817 484.5705709 1070.908948 1471.588849 1608.343032 1851.389173 1991.422531 2204.026615 2469.537738 2531.648802 2624.629950 2813.173726 3027.083636 3147.808239 3758.503368 3967.772540 4089.630326 4570.005743 4667.462546 4783.795173 5816.967588 6715.003276 7713.593685 8897.397589 10097.74916 10723.81249 11937.68371 12894.45396 15047.81872 18345.08490 21576.50324 24307.35866 27726.73468 31112.47998 37070.69921 38193.34181 38348.08032 54291.44911 63092.15886 68722.09805 79443.89332 85981.45782 101148.8086 122865.9233 201803.5382 232637.3237 7547431.200
