    unsorted:	 0.004983301902 0.004989965829 0.005017264541 0.005482591927 0.4842209365 0.6090897426 0.3915654567 17.86016342 91.94851163 2797.676841 2604.845104 2506.695567 2447.526597 2906.272019 2203.887067 1991.768697 3083.565810 1857.294065 1601.301653 1480.150838 3450.287333 3557.320422 1194.197316 1062.574771 3850.205896 3930.988804 426.7761847 4082.036884 4352.788202 4419.526463 4557.726720 4598.422292 4747.751157 5715.893295 5955.939111 7106.770694 8768.523444 11492.41695 13759.06739 15617.94269 19256.58009 24167.33634 29659.00624 34069.10977 37185.40219 39475.42449 48371.46597 63672.29965 76399.70641 88545.55472 103412.2857 112450.0025 122483.5994 242438.3689 354086.9796 6708697.253
      sorted:	 0.004983301902 0.004989965829 0.005017264541 0.005482591927 0.3915654567 0.4842209365 0.6090897426 17.86016342 91.94851163 426.7761847 1062.574771 1194.197316 1480.150838 1601.301653 1857.294065 1991.768697 2203.887067 2447.526597 2506.695567 2604.845104 2797.676841 2906.272019 3083.565810 3450.287333 3557.320422 3850.205896 3930.988804 4082.036884 4352.788202 4419.526463 4557.726720 4598.422292 4747.751157 5715.893295 5955.939111 7106.770694 8768.523444 11492.41695 13759.06739 15617.94269 19256.58009 24167.33634 29659.00624 34069.10977 37185.40219 39475.42449 48371.46597 63672.29965 76399.70641 88545.55472 103412.2857 112450.0025 122483.5994 242438.3689 354086.9796 6708697.253
