    unsorted:	 0.004993780732 0.1038633133 0.1369285082 0.005059945119 0.2039730602 1.827434068 24.93490661 64.44757650 51.55374866 97.87842931 104.9210034 291.8278420 421.1378191 468.4473436 839.3639483 1403.148023 1523.929473 1706.147280 1852.589543 2001.352192 2399.010978 2453.989072 2327.446397 2570.238245 2596.396767 2841.766539 2956.028685 3177.344814 3495.678176 3713.688855 4020.213646 4058.598419 4346.820544 4737.515781 5837.719610 6216.909649 7299.985486 7691.641272 8290.980336 8588.241599 9679.382357 10513.09831 10906.94101 11696.67540 12660.74569 15194.51742 19361.55208 20235.17152 30561.75174 32922.93815 37192.00665 45063.53474 63521.53527 77531.79369 91652.56675 105505.9504 112818.6226 240132.6322 297731.8704 5403271.688
      sorted:	 0.004993780732 0.005059945119 0.1038633133 0.1369285082 0.2039730602 1.827434068 24.93490661 51.55374866 64.44757650 97.87842931 104.9210034 291.8278420 421.1378191 468.4473436 839.3639483 1403.148023 1523.929473 1706.147280 1852.589543 2001.352192 2327.446397 2399.010978 2453.989072 2570.238245 2596.396767 2841.766539 2956.028685 3177.344814 3495.678176 3713.688855 4020.213646 4058.598419 4346.820544 4737.515781 5837.719610 6216.909649 7299.985486 7691.641272 8290.980336 8588.241599 9679.382357 10513.09831 10906.94101 11696.67540 12660.74569 15194.51742 19361.55208 20235.17152 30561.75174 32922.93815 37192.00665 45063.53474 63521.53527 77531.79369 91652.56675 105505.9504 112818.6226 240132.6322 297731.8704 5403271.688
