    unsorted:	 0.005016830398 0.004947135559 0.004931368813 0.005489907335 0.4312358217 0.3754471683 22.70787313 102.2063071 150.0355551 202.0979325 298.4901650 338.2587945 2217.964111 2237.285837 2175.569246 2289.884061 2093.456107 1975.010068 1872.650053 1856.206163 2369.329486 1705.416167 2606.124853 1518.573490 1176.089391 1252.762277 1089.080347 951.8650602 614.2477448 2729.132865 2895.601468 2998.593693 3053.953400 3100.895848 3156.999889 3292.847208 3225.979168 3332.435363 3445.917061 3459.162705 3642.835823 4238.439122 4284.207687 4707.759532 5392.375716 5979.048067 7151.324104 14057.41702 29109.67083 31518.14713 37213.90794 76702.94642 102235.5193 111719.6902 222536.1268 332754.1195 1200002.380
      sorted:	 0.004931368813 0.004947135559 0.005016830398 0.005489907335 0.3754471683 0.4312358217 22.70787313 102.2063071 150.0355551 202.0979325 298.4901650 338.2587945 614.2477448 951.8650602 1089.080347 1176.089391 1252.762277 1518.573490 1705.416167 1856.206163 1872.650053 1975.010068 2093.456107 2175.569246 2217.964111 2237.285837 2289.884061 2369.329486 2606.124853 2729.132865 2895.601468 2998.593693 3053.953400 3100.895848 3156.999889 3225.979168 3292.847208 3332.435363 3445.917061 3459.162705 3642.835823 4238.439122 4284.207687 4707.759532 5392.375716 5979.048067 7151.324104 14057.41702 29109.67083 31518.14713 37213.90794 76702.94642 102235.5193 111719.6902 222536.1268 332754.1195 1200002.380
