    unsorted:	 246.7401103 246.7401103 246.7401103 246.7401103 246.7401103 246.7401103 246.7401103 246.7401103 246.7401103 246.7401103 246.7401103 246.7401103 246.7401103 246.7401103 246.7401103 246.7401103 246.7401103 0.004935542459 0.005017146792 0.004979302959 0.004968683716 0.4695966025 0.6226338723 0.3391602563 1.212935707 29.15973333 288.1592654 293.0371916 310.6860894 206.4556440 362.3762182 86.48075979 427.7650743 418.2351511 495.5505642 1071.538531 1606.368198 1485.116539 1834.880704 1914.170914 1995.220035 2212.134128 2427.504241 2498.035379 2599.615308 2821.188989 2968.594472 3096.367567 3787.268003 3935.360973 4071.971773 4462.973823 4513.620344 4574.786150 6157.750589 6635.536014 7530.064103 8518.312533 9932.919254 10088.77116 10658.02649 12183.19730 12540.11917 19382.63643 20257.82719 23003.87187 24305.65043 29942.57014 37192.22666 36945.73923 45553.16570 53530.89349 67417.15775 77411.45170 97193.43327 112600.1515 122374.6607 162967.5308 245993.0049 7760112.321
      sorted:	 0.004935542459 0.004968683716 0.004979302959 0.005017146792 0.3391602563 0.4695966025 0.6226338723 1.212935707 29.15973333 86.48075979 206.4556440 246.7401103 246.7401103 246.7401103 246.7401103 246.7401103 246.7401103 246.7401103 246.7401103 246.7401103 246.7401103 246.7401103 246.7401103 246.7401103 246.7401103 246.7401103 246.7401103 246.7401103 288.1592654 293.0371916 310.6860894 362.3762182 418.2351511 427.7650743 495.5505642 1071.538531 1485.116539 1606.368198 1834.880704 1914.170914 1995.220035 2212.134128 2427.504241 2498.035379 2599.615308 2821.188989 2968.594472 3096.367567 3787.268003 3935.360973 4071.971773 4462.973823 4513.620344 4574.786150 6157.750589 6635.536014 7530.064103 8518.312533 9932.919254 10088.77116 10658.02649 12183.19730 12540.11917 19382.63643 20257.82719 23003.87187 24305.65043 29942.57014 36945.73923 37192.22666 45553.16570 53530.89349 67417.15775 77411.45170 97193.43327 112600.1515 122374.6607 162967.5308 245993.0049 7760112.321
