    unsorted:	 0.004949182951 0.04111688946 0.04749853187 0.02785155403 0.005061164030 0.09489434775 0.2032889639 4.200242661 36.35579730 54.96605159 68.36342599 348.7921823 329.0897205 252.9264897 494.6713894 765.4583736 1099.975893 1236.748385 1294.178055 1444.024476 1688.802085 1850.891665 1998.483792 2039.967411 2246.451189 2312.326483 2446.983914 2515.474380 2560.179139 2741.943301 2803.950835 3073.598117 3221.409133 3430.482941 3463.157250 3550.525194 3706.667955 4361.993818 4447.614296 5682.307926 6185.003408 6111.611697 6999.397963 8749.934410 8536.927702 9260.793870 9539.510119 10148.15308 11822.76143 13058.75474 18734.80676 21945.49849 37218.19044 40251.66537 78798.32106 99799.60187 107336.3405 232215.6234 283610.3348 2155224.418
      sorted:	 0.004949182951 0.005061164030 0.02785155403 0.04111688946 0.04749853187 0.09489434775 0.2032889639 4.200242661 36.35579730 54.96605159 68.36342599 252.9264897 329.0897205 348.7921823 494.6713894 765.4583736 1099.975893 1236.748385 1294.178055 1444.024476 1688.802085 1850.891665 1998.483792 2039.967411 2246.451189 2312.326483 2446.983914 2515.474380 2560.179139 2741.943301 2803.950835 3073.598117 3221.409133 3430.482941 3463.157250 3550.525194 3706.667955 4361.993818 4447.614296 5682.307926 6111.611697 6185.003408 6999.397963 8536.927702 8749.934410 9260.793870 9539.510119 10148.15308 11822.76143 13058.75474 18734.80676 21945.49849 37218.19044 40251.66537 78798.32106 99799.60187 107336.3405 232215.6234 283610.3348 2155224.418
