    unsorted:	 0.005739198195 0.05592623663 0.1842156413 0.2000523516 0.4442314893 22.81314525 373.5745183 388.8597962 167.2411909 622.9825625 910.5060569 1247.616127 1326.619146 1522.650638 1838.305010 1935.930428 2118.245752 2128.147526 2267.058236 2352.243614 2854.857643 2951.241205 3012.336972 3374.359893 3668.596986 3780.259238 3897.733028 4671.063185 5014.241959 5155.015628 5234.791214 5403.703884 5810.508008 6182.385754 7013.408347 12113.69382 14334.88241 15307.00314 17088.67158 17935.61397 19458.47483 21578.20305 21054.43257 22599.30024 25441.19903 32372.27593 37202.98700 44964.63133 72498.41011 86347.03465 107550.9413 153978.6026 240060.3265 738827.4078 3865966.316 -128797365.7 3.876880803e+12 3.559372118e+13 2.094282042e+14
      sorted:	 -128797365.7 0.005739198195 0.05592623663 0.1842156413 0.2000523516 0.4442314893 22.81314525 167.2411909 373.5745183 388.8597962 622.9825625 910.5060569 1247.616127 1326.619146 1522.650638 1838.305010 1935.930428 2118.245752 2128.147526 2267.058236 2352.243614 2854.857643 2951.241205 3012.336972 3374.359893 3668.596986 3780.259238 3897.733028 4671.063185 5014.241959 5155.015628 5234.791214 5403.703884 5810.508008 6182.385754 7013.408347 12113.69382 14334.88241 15307.00314 17088.67158 17935.61397 19458.47483 21054.43257 21578.20305 22599.30024 25441.19903 32372.27593 37202.98700 44964.63133 72498.41011 86347.03465 107550.9413 153978.6026 240060.3265 738827.4078 3865966.316 3.876880803e+12 3.559372118e+13 2.094282042e+14
