    unsorted:	 0.005017723108 0.008537454866 0.006945664783 0.1403279482 0.1684073183 0.3862280865 0.5543051229 0.5309898821 0.5825826148 2198.187998 2172.415945 2289.618477 2340.600545 2416.545369 2571.389504 2713.090323 2672.545730 2776.855541 2022.100102 1920.311588 1864.459542 2890.463498 1715.726099 1502.920904 1367.790589 1319.522646 3271.001994 3402.230677 3506.397097 3677.688006 771.4464637 552.8447371 420.6671738 91.01048431 3906.928086 4199.359769 4509.671539 4727.394244 5189.510019 6364.236444 6621.396376 7182.717782 8748.331623 9443.443108 12075.90425 22650.49183 39539.29668 47937.31562 66853.71680 83027.36881 115535.3776 183282.8910 814181.6816
      sorted:	 0.005017723108 0.006945664783 0.008537454866 0.1403279482 0.1684073183 0.3862280865 0.5309898821 0.5543051229 0.5825826148 91.01048431 420.6671738 552.8447371 771.4464637 1319.522646 1367.790589 1502.920904 1715.726099 1864.459542 1920.311588 2022.100102 2172.415945 2198.187998 2289.618477 2340.600545 2416.545369 2571.389504 2672.545730 2713.090323 2776.855541 2890.463498 3271.001994 3402.230677 3506.397097 3677.688006 3906.928086 4199.359769 4509.671539 4727.394244 5189.510019 6364.236444 6621.396376 7182.717782 8748.331623 9443.443108 12075.90425 22650.49183 39539.29668 47937.31562 66853.71680 83027.36881 115535.3776 183282.8910 814181.6816
