    unsorted:	 0.005017887640 0.007625754359 0.01312009240 0.1853781621 0.1789872874 0.2441322993 0.5802878247 0.5523485228 0.5971260777 2173.258741 2168.587790 2205.969108 2127.520668 2264.198038 1931.484643 1989.036825 1882.737030 2389.672988 2433.441494 2527.938982 2581.344351 1714.327952 2791.549518 2851.362181 2995.115060 1444.489351 1265.000225 1220.941593 3194.097186 3358.207183 893.0251232 421.6684298 501.5377862 152.6418322 3527.933429 3731.379817 3950.199936 4259.381354 4817.498713 6292.966557 7244.319191 8762.679685 9202.456605 12926.46453 42238.24756 36888.40812 60968.17605 63060.82741 83147.94173 164285.3331 591969.2272
      sorted:	 0.005017887640 0.007625754359 0.01312009240 0.1789872874 0.1853781621 0.2441322993 0.5523485228 0.5802878247 0.5971260777 152.6418322 421.6684298 501.5377862 893.0251232 1220.941593 1265.000225 1444.489351 1714.327952 1882.737030 1931.484643 1989.036825 2127.520668 2168.587790 2173.258741 2205.969108 2264.198038 2389.672988 2433.441494 2527.938982 2581.344351 2791.549518 2851.362181 2995.115060 3194.097186 3358.207183 3527.933429 3731.379817 3950.199936 4259.381354 4817.498713 6292.966557 7244.319191 8762.679685 9202.456605 12926.46453 36888.40812 42238.24756 60968.17605 63060.82741 83147.94173 164285.3331 591969.2272
