    unsorted:	 0.005132567379 0.006083978737 0.01311153320 0.02179714592 0.1794442515 0.6052889295 0.7692380056 0.8156409775 1.003861389 2204.529411 2174.061721 2140.141790 2129.295515 2281.197521 1932.090067 1995.539626 1895.879558 2400.777953 2460.471924 2550.047482 2604.959042 1697.118435 2812.613786 2861.140893 1425.745590 1255.400624 1197.933768 1043.757857 3118.128027 3338.378302 3374.559716 3525.140030 3631.281190 483.7158600 418.9610119 3922.461166 4308.763316 5737.153272 6296.230029 6435.522130 6879.212589 7510.056487 8620.134136 9426.435575 12337.69235 24830.65890 37169.46097 67445.11471 86693.94108 90156.22548 123426.8016 732500.0716 1348629.538 3.853652143e+12 1.496481264e+14
      sorted:	 0.005132567379 0.006083978737 0.01311153320 0.02179714592 0.1794442515 0.6052889295 0.7692380056 0.8156409775 1.003861389 418.9610119 483.7158600 1043.757857 1197.933768 1255.400624 1425.745590 1697.118435 1895.879558 1932.090067 1995.539626 2129.295515 2140.141790 2174.061721 2204.529411 2281.197521 2400.777953 2460.471924 2550.047482 2604.959042 2812.613786 2861.140893 3118.128027 3338.378302 3374.559716 3525.140030 3631.281190 3922.461166 4308.763316 5737.153272 6296.230029 6435.522130 6879.212589 7510.056487 8620.134136 9426.435575 12337.69235 24830.65890 37169.46097 67445.11471 86693.94108 90156.22548 123426.8016 732500.0716 1348629.538 3.853652143e+12 1.496481264e+14
