    unsorted:	 0.005017870366 0.007522581149 0.01308272063 0.1850569263 0.1774726642 0.2496489019 0.5782503789 0.5682368191 0.6081165648 2113.843366 2133.201684 2174.922476 2202.301883 2278.897351 1990.061881 1927.780277 1892.014835 2380.168399 2485.490802 2556.978929 2609.688248 1681.843410 2810.434777 2876.649637 1426.485018 1258.812404 1201.215608 3118.113319 3335.843533 3393.901934 3515.810370 3602.462040 420.4514549 474.6296914 798.1075820 35.19767924 3890.812005 4240.906575 4902.248644 6204.777404 6342.398208 6987.927795 8208.426668 9270.064201 11243.03734 27281.03068 39529.65964 52977.36343 65595.42167 82584.09125 91994.95776 183448.1253 625637.1850
      sorted:	 0.005017870366 0.007522581149 0.01308272063 0.1774726642 0.1850569263 0.2496489019 0.5682368191 0.5782503789 0.6081165648 35.19767924 420.4514549 474.6296914 798.1075820 1201.215608 1258.812404 1426.485018 1681.843410 1892.014835 1927.780277 1990.061881 2113.843366 2133.201684 2174.922476 2202.301883 2278.897351 2380.168399 2485.490802 2556.978929 2609.688248 2810.434777 2876.649637 3118.113319 3335.843533 3393.901934 3515.810370 3602.462040 3890.812005 4240.906575 4902.248644 6204.777404 6342.398208 6987.927795 8208.426668 9270.064201 11243.03734 27281.03068 39529.65964 52977.36343 65595.42167 82584.09125 91994.95776 183448.1253 625637.1850
