    unsorted:	 0.005026585938 0.004979131018 0.006092860930 0.4772849159 10.96868782 15.33107913 67.01953593 79.20610789 174.0823031 346.2169324 322.0553308 2326.648467 2295.845342 2384.666881 2412.996496 2196.559532 2493.626590 2029.049747 1950.071380 1920.099701 1758.430231 2685.377499 1594.137337 1215.991326 1271.799871 1135.835461 1028.745875 662.1683131 2988.382150 3099.620853 3141.698471 3223.752783 3294.431854 3359.945993 3451.530733 3497.550098 447.1947147 3639.810546 3708.321033 3793.165983 4395.498164 4934.008259 5034.198973 5966.577652 6584.834234 8370.336869 19227.86688 -14334.83503 31608.70404 37215.91304 77796.98220 108289.3392 123765.5544 228704.2051 1411738.070 3891522065. 4.414598383e+10
      sorted:	 -14334.83503 0.004979131018 0.005026585938 0.006092860930 0.4772849159 10.96868782 15.33107913 67.01953593 79.20610789 174.0823031 322.0553308 346.2169324 447.1947147 662.1683131 1028.745875 1135.835461 1215.991326 1271.799871 1594.137337 1758.430231 1920.099701 1950.071380 2029.049747 2196.559532 2295.845342 2326.648467 2384.666881 2412.996496 2493.626590 2685.377499 2988.382150 3099.620853 3141.698471 3223.752783 3294.431854 3359.945993 3451.530733 3497.550098 3639.810546 3708.321033 3793.165983 4395.498164 4934.008259 5034.198973 5966.577652 6584.834234 8370.336869 19227.86688 31608.70404 37215.91304 77796.98220 108289.3392 123765.5544 228704.2051 1411738.070 3891522065. 4.414598383e+10
