    unsorted:	 0.005017690671 0.006381189963 0.01210753922 0.005493240521 0.1763682246 0.1583250271 0.3351081732 0.5478553866 0.5137799810 0.5651718113 0.4154698107 2350.347031 2346.322467 2296.002324 2212.469246 2079.966104 2044.272640 1922.559478 2515.546880 1841.093296 2676.362807 2732.284580 2841.940334 2897.755472 3108.402837 1567.571680 1371.021915 1319.886679 3428.936101 1124.481784 3572.106225 3741.118138 420.2872187 570.8263671 4044.567591 4550.463609 4562.072997 5059.210251 5272.809976 5951.822532 6632.650492 6910.891998 6969.066664 7606.684553 7948.538047 8401.000853 9930.545044 11774.52964 14321.51403 16430.50177 16935.12679 25640.52809 32660.38450 37168.40459 68548.77461 277151.3397 636487.2733 1149445.976
      sorted:	 0.005017690671 0.005493240521 0.006381189963 0.01210753922 0.1583250271 0.1763682246 0.3351081732 0.4154698107 0.5137799810 0.5478553866 0.5651718113 420.2872187 570.8263671 1124.481784 1319.886679 1371.021915 1567.571680 1841.093296 1922.559478 2044.272640 2079.966104 2212.469246 2296.002324 2346.322467 2350.347031 2515.546880 2676.362807 2732.284580 2841.940334 2897.755472 3108.402837 3428.936101 3572.106225 3741.118138 4044.567591 4550.463609 4562.072997 5059.210251 5272.809976 5951.822532 6632.650492 6910.891998 6969.066664 7606.684553 7948.538047 8401.000853 9930.545044 11774.52964 14321.51403 16430.50177 16935.12679 25640.52809 32660.38450 37168.40459 68548.77461 277151.3397 636487.2733 1149445.976
