    unsorted:	 0.005017833615 0.007365137660 0.008657971646 0.1417029867 0.1751050170 0.2259429534 0.02905960086 0.5733787268 0.5593810884 0.5952870399 0.5891034310 2177.380817 2151.530356 2208.129304 2099.841789 2060.020764 2281.977441 2308.818799 1916.429127 1948.916402 2440.327461 2666.196458 2628.802953 1703.975487 2847.441791 1288.813735 1308.155228 1479.859243 3106.215022 3250.360943 3281.961450 3411.854438 3501.085464 1119.559254 3626.897805 520.4953710 419.2123956 3967.749047 4458.275689 5198.187280 5493.070506 6173.325286 6508.281458 6855.464948 7568.572443 8563.729779 9412.759992 11902.30383 12656.84199 14300.00517 16554.58462 18453.91422 37185.43937 33057.43361 66929.46970 237183.5268 473515.6963 809117.2048
      sorted:	 0.005017833615 0.007365137660 0.008657971646 0.02905960086 0.1417029867 0.1751050170 0.2259429534 0.5593810884 0.5733787268 0.5891034310 0.5952870399 419.2123956 520.4953710 1119.559254 1288.813735 1308.155228 1479.859243 1703.975487 1916.429127 1948.916402 2060.020764 2099.841789 2151.530356 2177.380817 2208.129304 2281.977441 2308.818799 2440.327461 2628.802953 2666.196458 2847.441791 3106.215022 3250.360943 3281.961450 3411.854438 3501.085464 3626.897805 3967.749047 4458.275689 5198.187280 5493.070506 6173.325286 6508.281458 6855.464948 7568.572443 8563.729779 9412.759992 11902.30383 12656.84199 14300.00517 16554.58462 18453.91422 33057.43361 37185.43937 66929.46970 237183.5268 473515.6963 809117.2048
