    unsorted:	 0.005016694850 0.004945739356 0.005237091853 0.005487775651 0.4165068796 0.5976779018 0.3291280091 24.45344011 2341.190106 2345.138277 2294.801732 2238.476408 2178.832769 2428.971883 1883.746107 1937.802097 1812.069626 2646.787370 1615.934995 1509.104488 2901.988073 3003.591681 3071.695828 3133.790969 3212.934059 3305.899058 3388.355084 3480.194779 3559.823442 3640.516519 1116.260795 1179.659519 992.0958871 312.6233327 344.1590451 211.3280891 142.5724771 641.2870093 3725.682950 4377.415653 4626.141833 4888.764671 5691.975626 6128.260308 7562.032912 14242.35397 15886.51559 27818.30592 31459.18536 38375.44359 72198.87380 96088.19668 99876.69552 219107.6156 272300.5006 1493762.184
      sorted:	 0.004945739356 0.005016694850 0.005237091853 0.005487775651 0.3291280091 0.4165068796 0.5976779018 24.45344011 142.5724771 211.3280891 312.6233327 344.1590451 641.2870093 992.0958871 1116.260795 1179.659519 1509.104488 1615.934995 1812.069626 1883.746107 1937.802097 2178.832769 2238.476408 2294.801732 2341.190106 2345.138277 2428.971883 2646.787370 2901.988073 3003.591681 3071.695828 3133.790969 3212.934059 3305.899058 3388.355084 3480.194779 3559.823442 3640.516519 3725.682950 4377.415653 4626.141833 4888.764671 5691.975626 6128.260308 7562.032912 14242.35397 15886.51559 27818.30592 31459.18536 38375.44359 72198.87380 96088.19668 99876.69552 219107.6156 272300.5006 1493762.184
