    unsorted:	 0.005017120737 0.004961332866 0.06799891234 0.4659603855 0.4827164347 0.02188113672 0.5049331471 54.77717573 167.0120332 373.5413949 391.0177846 644.5263031 897.8868734 1236.417742 1309.023203 1492.746451 1820.597813 1902.504104 1953.136067 2100.664462 2144.013625 2325.406353 2919.070154 2882.425913 2740.734650 3306.439299 3582.864054 3728.302103 3826.427269 4093.934100 4788.594631 5044.321971 4988.516119 5160.643104 5602.683888 5751.952974 6593.869770 10892.86296 14550.84816 14951.67555 16003.31067 17333.84349 17773.08103 19180.45626 20325.76482 21219.23399 24125.92385 30581.75994 30179.29302 37200.20423 67488.51061 81953.55132 94930.85508 115634.6506 162055.2995 249378.9773 566135.8662 2865045.221 3684502.905
      sorted:	 0.004961332866 0.005017120737 0.02188113672 0.06799891234 0.4659603855 0.4827164347 0.5049331471 54.77717573 167.0120332 373.5413949 391.0177846 644.5263031 897.8868734 1236.417742 1309.023203 1492.746451 1820.597813 1902.504104 1953.136067 2100.664462 2144.013625 2325.406353 2740.734650 2882.425913 2919.070154 3306.439299 3582.864054 3728.302103 3826.427269 4093.934100 4788.594631 4988.516119 5044.321971 5160.643104 5602.683888 5751.952974 6593.869770 10892.86296 14550.84816 14951.67555 16003.31067 17333.84349 17773.08103 19180.45626 20325.76482 21219.23399 24125.92385 30179.29302 30581.75994 37200.20423 67488.51061 81953.55132 94930.85508 115634.6506 162055.2995 249378.9773 566135.8662 2865045.221 3684502.905
