    unsorted:	 0.005016502264 0.004939632762 0.004885216336 0.005499322374 0.3961549883 0.3836209341 32.00424500 221.7421396 266.6136302 290.7094442 348.4814030 338.3591728 420.8151247 685.0006904 1056.846155 1164.890944 1253.084606 1626.612108 1570.521836 1804.786162 1922.194119 1960.317236 2220.380529 2258.983950 2369.608289 2422.781338 2478.003868 2719.555097 2658.391333 2862.124013 3160.728877 3362.746916 3412.878287 3685.373262 3840.161446 4012.351368 4334.113742 4418.403831 5671.817523 6837.395462 6960.623670 8413.472095 8588.332997 9283.471266 10846.78916 13279.09734 20838.69973 25137.12324 28130.06782 31467.15619 37216.69364 38761.78500 52967.00402 80796.76183 106161.8536 112158.2877 243960.0405 346747.9246 2449773.850
      sorted:	 0.004885216336 0.004939632762 0.005016502264 0.005499322374 0.3836209341 0.3961549883 32.00424500 221.7421396 266.6136302 290.7094442 338.3591728 348.4814030 420.8151247 685.0006904 1056.846155 1164.890944 1253.084606 1570.521836 1626.612108 1804.786162 1922.194119 1960.317236 2220.380529 2258.983950 2369.608289 2422.781338 2478.003868 2658.391333 2719.555097 2862.124013 3160.728877 3362.746916 3412.878287 3685.373262 3840.161446 4012.351368 4334.113742 4418.403831 5671.817523 6837.395462 6960.623670 8413.472095 8588.332997 9283.471266 10846.78916 13279.09734 20838.69973 25137.12324 28130.06782 31467.15619 37216.69364 38761.78500 52967.00402 80796.76183 106161.8536 112158.2877 243960.0405 346747.9246 2449773.850
