    unsorted:	 0.005016831361 0.004931441900 0.004947145239 0.005464900430 0.4313648086 0.3754971112 2220.061731 2239.509969 2291.851650 2177.303958 2095.833302 2370.523434 1976.532952 1873.863350 1857.078534 2607.655542 1706.222474 2736.202479 2898.481727 3000.888450 3055.983303 3102.921867 3159.515119 3228.310948 3298.026122 3335.419841 3448.341211 3461.824864 1519.234631 1251.668259 1176.903336 1089.394308 953.5271447 100.8292842 123.1249964 173.1245540 288.2609915 337.6065467 613.9263746 3645.005456 4241.216397 4292.884969 4712.002864 5400.231162 5980.149245 7146.429457 14000.38563 29166.76917 31524.02866 37213.93035 76709.12908 102245.2673 111718.9507 222559.3252 332820.8936 1201661.168
      sorted:	 0.004931441900 0.004947145239 0.005016831361 0.005464900430 0.3754971112 0.4313648086 100.8292842 123.1249964 173.1245540 288.2609915 337.6065467 613.9263746 953.5271447 1089.394308 1176.903336 1251.668259 1519.234631 1706.222474 1857.078534 1873.863350 1976.532952 2095.833302 2177.303958 2220.061731 2239.509969 2291.851650 2370.523434 2607.655542 2736.202479 2898.481727 3000.888450 3055.983303 3102.921867 3159.515119 3228.310948 3298.026122 3335.419841 3448.341211 3461.824864 3645.005456 4241.216397 4292.884969 4712.002864 5400.231162 5980.149245 7146.429457 14000.38563 29166.76917 31524.02866 37213.93035 76709.12908 102245.2673 111718.9507 222559.3252 332820.8936 1201661.168
