    unsorted:	 0.004969906840 0.004949185889 0.04837335904 0.03003587795 0.1196839363 0.2670049759 4.043546501 5.499628671 55.66581688 2212.878244 2308.703652 2422.255022 2562.859120 2089.138194 2670.687915 2715.703584 1923.260771 1806.097578 1508.659340 1393.378873 3084.564925 1034.518156 902.2846023 424.5565499 3299.729854 3471.751714 3528.069738 3865.750734 4168.632782 4357.101282 4765.842456 4967.137645 5445.252341 6170.678455 6812.682665 7664.308009 11906.68124 13372.71329 18296.96762 19350.46341 42228.68189 41712.71957 57990.24872 58768.07411 101661.0606 146461.1276 185915.3357 201250.7886 2666057.923 -45705823.47 3.970397072e+11
      sorted:	 -45705823.47 0.004949185889 0.004969906840 0.03003587795 0.04837335904 0.1196839363 0.2670049759 4.043546501 5.499628671 55.66581688 424.5565499 902.2846023 1034.518156 1393.378873 1508.659340 1806.097578 1923.260771 2089.138194 2212.878244 2308.703652 2422.255022 2562.859120 2670.687915 2715.703584 3084.564925 3299.729854 3471.751714 3528.069738 3865.750734 4168.632782 4357.101282 4765.842456 4967.137645 5445.252341 6170.678455 6812.682665 7664.308009 11906.68124 13372.71329 18296.96762 19350.46341 41712.71957 42228.68189 57990.24872 58768.07411 101661.0606 146461.1276 185915.3357 201250.7886 2666057.923 3.970397072e+11
